I attempted to run the algorithm for 128 generations with networks composed of more hidden neurons but ran out of time and stopped execution after 100 generations.

It had a population size of 256, played Checkers games that ended at 1024 moves, and ran for 1024 max games. The networks had 256 hidden neurons rather than 130 like I had before.

The fitness reached the 200s when it terminated. The maximum games played per generation was 1024.

C:/Go/bin/go.exe build -i [C:/GoWorkspace/src/github.com/CRRDerek/Neuroevolution]
Success: process exited with code 0.
C:/GoWorkspace/src/github.com/CRRDerek/Neuroevolution/Neuroevolution.exe  [C:/GoWorkspace/src/github.com/CRRDerek/Neuroevolution]
Generation:  0
Max fitness:  11
[1 0 2 0 0 0 0 0 1 3 1 1 0 1 2 0 0 0 2 0 1 0 0 0 11 3 1 1 0 1 1 0 0 0 1 1 4 0 1 1 0 0 0 1 7 0 3 0 0 0 0 1 2 0 1 2 0 0 3 1 0 1 1 1 0 0 1 1 0 0 2 0 2 3 1 0 1 0 1 0 1 0 0 2 0 1 1 0 0 0 1 2 0 0 0 1 2 0 0 0 0 1 1 2 1 5 3 3 4 0 1 0 0 0 0 0 0 0 0 6 0 2 1 5 1 0 0 3 3 7 0 2 1 2 4 0 0 0 0 2 1 1 3 0 0 0 0 2 1 0 2 2 3 1 1 0 2 0 0 5 1 1 1 1 0 2 0 0 2 1 0 1 3 2 0 1 1 10 9 0 4 1 0 3 1 4 0 1 1 1 0 0 1 0 1 1 6 2 4 0 0 0 0 2 2 0 0 1 0 1 2 3 0 0 0 0 1 1 0 0 0 1 4 0 0 0 0 3 0 4 1 0 2 0 0 1 4 7 2 0 1 2 0 2 3 2 3 0 2 2 0 2 3 0 0 0]
Generation:  1
Max fitness:  11
[0 0 3 1 0 0 0 0 0 0 3 1 2 5 0 0 2 0 0 1 0 5 0 0 0 2 0 0 0 1 0 2 6 2 0 0 0 0 1 3 0 1 2 0 1 2 0 0 1 2 2 2 1 0 5 0 1 0 0 1 1 0 0 0 1 1 1 0 5 2 2 2 0 0 1 0 0 0 0 0 0 2 0 0 1 0 6 1 0 1 0 1 1 1 0 0 0 0 0 0 2 1 2 2 3 0 0 3 2 2 2 0 0 2 0 0 0 2 0 0 0 1 1 0 1 5 2 0 0 2 2 0 1 0 0 0 1 0 2 3 1 0 0 1 1 1 0 0 0 2 0 1 4 0 0 0 2 0 1 0 0 4 1 0 0 1 5 1 0 0 0 0 0 3 0 1 8 0 0 0 0 1 0 0 3 0 0 0 0 0 1 3 1 3 1 0 1 2 5 0 0 1 0 10 2 0 0 0 0 5 1 3 0 0 1 0 0 0 1 0 2 2 0 0 0 1 0 0 0 0 0 2 1 1 4 0 0 0 0 0 4 0 0 2 0 3 0 0 3 11 0 2 0 0 0 0]
Generation:  2
Max fitness:  8
[4 0 0 0 1 2 0 2 0 0 1 1 3 1 4 0 0 2 2 2 1 1 4 2 0 2 4 2 0 1 1 4 0 0 0 0 0 0 0 0 0 1 0 0 0 0 1 0 1 1 1 0 2 2 0 0 0 2 0 4 0 3 0 1 5 3 0 2 0 0 0 0 0 6 1 0 1 0 0 2 0 0 2 0 0 1 3 0 2 1 0 1 0 1 0 0 1 0 0 4 1 1 1 3 0 0 0 0 2 1 4 0 0 2 1 0 0 5 2 0 0 4 0 0 2 0 0 0 5 0 2 2 1 1 1 4 0 4 0 1 1 2 0 1 0 0 0 1 2 0 1 0 0 0 1 2 0 0 3 0 0 4 0 1 0 0 3 1 0 3 0 4 4 2 0 0 0 1 1 0 1 0 0 2 1 0 0 7 3 0 1 1 7 2 0 5 0 0 0 1 3 1 0 8 1 1 0 0 1 0 0 0 0 2 1 0 2 0 1 1 1 0 6 2 3 0 1 3 0 0 0 4 3 2 1 0 2 2 1 0 0 2 2 1 1 1 1 4 1 0 0 3 0 0 3 0]
Generation:  3
Max fitness:  19
[0 0 4 0 1 1 0 0 0 3 0 1 0 0 2 1 1 2 1 2 0 1 0 1 3 1 0 0 0 0 3 3 0 0 5 2 0 0 0 0 0 0 1 7 1 1 0 2 1 0 0 0 0 0 0 0 0 0 1 0 0 1 0 2 1 0 3 1 0 0 0 0 1 9 0 1 2 1 2 0 2 0 2 0 2 0 0 0 0 0 0 1 1 0 0 1 0 0 1 1 1 1 0 2 0 0 0 0 2 0 0 0 3 0 1 0 0 19 0 0 0 1 2 2 2 0 3 3 0 0 1 0 1 2 0 0 0 0 1 2 0 0 1 0 0 4 0 8 0 0 0 1 0 1 0 7 0 6 0 1 1 0 1 1 1 0 0 1 2 1 0 1 0 4 1 0 5 1 0 0 0 3 1 0 1 3 0 0 2 1 3 0 1 1 0 0 1 0 0 1 1 0 0 0 0 1 4 8 0 2 0 0 6 1 2 0 3 1 1 0 5 0 3 0 0 0 0 0 1 1 2 0 1 1 0 2 1 0 0 0 0 1 1 0 0 1 0 0 0 0 0 0 1 1 1 3]
Generation:  4
Max fitness:  10
[0 3 0 2 3 1 1 1 1 2 1 1 5 0 1 0 1 3 0 0 2 1 2 0 1 1 4 1 2 1 0 0 3 2 0 2 1 0 1 2 0 0 0 0 2 0 0 5 0 0 0 0 1 0 0 0 0 4 4 0 0 1 0 0 5 1 1 0 0 1 3 1 1 1 5 6 0 3 7 2 1 0 1 1 1 0 2 0 0 1 4 0 0 3 1 0 0 0 0 0 0 1 1 0 2 0 1 0 2 0 0 2 0 2 4 1 0 1 1 4 0 1 3 0 0 1 0 1 0 5 5 1 0 2 4 0 2 3 2 0 0 0 3 2 1 2 0 0 2 0 10 1 0 0 0 1 4 0 3 1 0 1 0 0 0 1 0 0 0 2 0 1 1 0 1 3 1 0 2 1 0 1 0 2 10 0 1 0 2 7 0 0 2 3 1 1 2 0 0 0 2 0 1 0 1 2 1 2 1 0 0 0 0 0 1 1 1 0 1 1 0 0 0 0 0 1 0 0 2 1 0 0 8 2 1 0 1 0 3 0 1 0 1 0 0 8 0 1 0 0 1 0 3 1 1 2]
Generation:  5
Max fitness:  10
[3 4 0 0 0 4 0 2 1 0 0 0 0 1 2 0 0 0 1 1 1 1 1 2 0 1 2 0 1 1 1 0 1 2 1 0 0 0 1 0 0 0 3 1 1 2 0 2 0 0 0 0 0 0 0 1 0 0 1 1 6 1 0 0 2 2 0 1 1 2 2 0 1 1 0 1 0 1 0 1 4 0 2 0 0 1 1 0 0 0 0 1 1 4 0 0 1 3 2 1 1 1 0 1 1 0 0 1 2 0 6 0 0 0 1 0 0 2 2 1 0 1 0 0 1 0 0 1 1 0 0 0 0 5 0 2 10 1 0 0 0 1 0 2 0 0 4 4 0 7 1 0 1 0 0 2 3 3 4 0 0 1 1 0 0 2 1 0 2 0 2 2 1 1 1 0 0 0 0 1 0 2 0 5 1 0 1 1 5 2 0 0 1 1 2 0 1 2 1 1 0 1 3 0 0 0 2 2 0 2 1 4 1 0 1 2 0 3 2 1 3 2 0 0 4 3 1 0 0 1 1 2 1 1 0 1 2 0 1 2 0 2 0 0 0 0 1 1 0 0 0 4 2 0 5 0]
Generation:  6
Max fitness:  14
[14 0 4 1 0 1 0 0 0 4 1 3 1 1 3 0 5 1 2 2 0 0 1 2 0 0 0 0 2 0 1 0 0 2 1 1 0 0 0 0 0 0 3 2 3 0 0 0 0 1 0 1 0 0 0 1 0 1 1 0 3 0 1 1 0 0 1 2 4 2 2 0 6 0 0 6 2 1 2 1 0 0 0 0 0 4 1 0 5 0 0 2 7 4 2 0 0 1 2 1 0 2 0 0 0 2 1 0 0 0 3 3 0 0 0 1 2 1 3 0 0 0 2 0 1 1 1 2 6 3 0 0 0 1 1 2 4 4 0 2 1 0 3 1 4 1 3 0 0 1 0 1 2 0 0 0 0 0 1 1 0 2 1 0 0 0 0 2 3 0 1 0 0 0 1 0 0 0 0 0 0 0 5 1 1 2 2 0 1 1 3 0 1 0 5 0 5 2 0 0 0 0 0 0 2 1 2 3 7 1 0 1 1 0 2 0 3 0 0 8 1 0 6 1 0 1 0 0 1 4 0 0 3 0 3 3 2 0 0 4 0 1 1 0 5 0 1 0 0 10 0 6 3 1 1 1]
Generation:  7
Max fitness:  9
[1 0 1 1 0 0 0 0 2 2 0 0 0 0 0 2 1 1 0 1 0 0 0 1 2 0 3 0 1 2 0 3 0 0 0 0 0 0 0 0 7 0 0 0 0 1 0 0 3 1 0 0 0 3 0 2 1 1 0 1 1 2 0 3 3 0 1 0 4 2 0 1 1 0 0 0 0 0 1 0 0 0 1 4 0 0 2 2 0 0 1 2 0 0 1 0 2 2 3 0 1 4 0 2 4 0 1 0 4 1 0 1 9 2 1 1 0 0 0 0 0 6 1 7 0 1 0 1 0 0 1 0 1 1 0 0 1 0 1 1 0 0 0 0 0 0 2 0 2 0 3 0 0 0 1 1 0 2 2 2 4 0 1 0 0 6 0 3 2 1 0 2 4 0 0 0 0 0 0 0 2 0 2 0 0 2 3 0 3 1 0 0 1 1 0 0 2 5 0 4 1 0 0 0 0 0 0 1 0 3 0 0 0 2 0 0 1 1 2 0 0 5 0 2 2 1 3 0 0 3 0 0 3 1 2 0 0 0 0 1 1 0 1 0 2 2 0 2 0 3 0 0 0 0 0 2]
Generation:  8
Max fitness:  6
[4 0 1 0 2 0 0 0 0 0 1 0 1 2 0 1 0 0 2 1 0 0 0 1 1 3 0 2 0 0 2 0 0 1 0 0 0 0 2 1 0 0 1 1 0 0 2 0 2 6 0 0 2 0 0 0 2 0 0 0 3 0 2 0 4 0 0 3 1 0 4 2 1 0 0 1 0 0 0 0 0 1 0 2 1 2 0 1 0 6 3 3 0 0 2 0 0 0 0 1 1 2 0 0 0 1 0 2 3 1 1 3 0 1 2 0 0 3 0 0 0 0 0 0 0 3 0 0 1 1 2 1 2 0 1 0 0 0 2 1 2 2 3 3 2 2 0 0 0 3 2 2 3 0 2 0 0 0 2 0 1 0 0 0 0 0 0 6 0 6 0 0 0 4 2 1 0 4 1 0 0 0 1 0 1 4 0 0 0 2 0 1 0 2 1 2 0 0 1 0 0 0 1 5 3 3 1 0 1 5 2 1 1 1 0 0 1 3 1 0 0 0 0 0 1 2 1 2 4 3 0 1 0 0 0 0 0 0 2 0 2 0 1 2 0 2 1 0 0 1 1 0 1 0 1 0]
Generation:  9
Max fitness:  10
[1 0 1 0 0 10 0 1 2 2 3 0 0 1 3 2 1 0 0 2 0 2 0 0 0 0 0 6 0 0 0 0 1 1 0 3 2 1 3 0 2 3 2 0 0 0 2 1 1 0 0 1 2 0 0 1 0 5 0 1 1 0 2 0 1 0 0 3 0 0 7 0 1 3 0 0 0 1 0 1 1 2 2 1 0 1 1 2 1 0 0 2 0 3 3 0 0 2 0 3 3 5 0 0 3 1 4 2 0 1 1 5 0 1 2 2 1 1 0 3 0 0 0 0 0 0 0 0 0 1 3 0 1 1 3 1 0 0 1 1 1 1 0 0 2 3 0 1 2 0 0 0 2 0 2 0 0 2 3 0 0 2 1 0 1 0 0 1 0 2 0 0 2 0 3 0 2 0 3 0 1 0 0 1 0 1 0 0 0 0 0 0 0 2 5 2 0 2 0 0 0 0 0 0 0 1 3 0 2 0 0 0 0 0 0 0 0 1 1 0 4 0 8 1 0 2 1 0 0 0 0 0 1 0 2 0 0 0 2 2 5 0 8 0 3 0 5 0 2 0 0 0 0 5 1 1]
Generation:  10
Max fitness:  7
[2 1 1 3 0 1 2 0 3 1 0 0 3 0 0 0 1 0 0 2 0 0 0 3 6 3 0 0 1 5 0 0 0 0 1 0 3 0 5 0 0 4 0 1 0 0 1 0 0 0 1 2 2 4 1 0 2 2 2 1 1 2 0 0 2 0 1 0 1 0 0 1 0 2 0 4 4 0 0 1 0 0 0 0 1 0 0 3 3 1 0 3 2 0 0 0 0 0 0 0 1 0 3 2 2 1 2 3 5 0 0 0 0 2 4 0 0 1 1 0 0 1 0 0 0 1 0 0 0 3 2 2 2 4 1 0 1 2 1 3 0 0 0 1 0 1 1 0 1 3 0 0 1 0 3 0 0 0 1 0 4 0 1 0 5 3 0 1 3 0 5 1 2 1 0 2 1 0 1 0 1 0 1 3 0 0 0 1 4 3 1 0 1 0 0 2 0 3 1 1 2 0 6 2 4 0 0 0 2 0 0 0 2 0 0 4 2 7 0 0 1 0 1 0 1 1 0 0 7 0 0 1 2 3 2 2 5 0 1 0 0 0 0 0 0 1 0 0 0 0 0 0 0 1 0 1]
Generation:  11
Max fitness:  9
[2 1 0 1 1 8 0 0 1 0 0 2 2 0 2 0 2 1 0 4 4 5 3 1 1 4 1 2 3 0 1 0 0 0 0 3 1 3 1 0 2 0 0 3 0 0 3 1 2 1 0 1 1 1 1 1 1 0 1 1 0 2 0 0 0 2 0 0 0 2 0 1 0 1 0 3 2 0 0 3 0 2 0 0 0 0 1 2 1 0 1 1 1 5 0 0 1 5 0 2 2 2 3 2 0 9 5 0 0 0 0 1 2 0 2 1 4 1 0 0 1 1 0 0 2 0 1 0 0 2 1 1 1 0 0 0 0 1 0 0 2 1 0 0 1 4 2 1 1 0 1 0 0 0 2 0 0 0 1 1 5 0 1 0 1 2 3 1 3 1 1 0 0 2 2 1 0 0 1 0 2 0 5 0 1 0 0 0 2 1 1 0 3 1 0 0 0 0 0 0 2 3 0 1 0 3 0 0 0 0 0 1 0 0 1 2 2 0 0 1 6 0 0 4 2 1 0 0 0 3 0 0 0 0 0 1 0 2 1 1 0 1 4 0 2 1 0 0 1 0 1 1 0 1 0 1]
Generation:  12
Max fitness:  14
[2 1 1 0 2 0 0 1 0 0 0 1 1 0 1 14 0 0 0 0 0 0 1 3 0 0 2 3 1 1 0 3 0 0 1 0 1 0 3 8 0 0 0 0 3 0 0 0 1 1 1 2 2 0 1 1 3 0 1 3 1 0 0 2 0 0 0 3 0 0 0 0 0 1 0 1 0 1 0 0 2 1 0 1 0 1 4 3 1 1 3 1 0 0 2 2 0 0 0 0 0 0 2 5 1 0 2 0 1 2 2 0 0 1 4 1 0 2 3 0 5 2 0 0 0 0 0 2 8 0 3 3 0 0 4 0 0 0 13 0 0 0 1 1 2 0 0 0 0 1 0 1 2 1 0 0 0 0 0 7 4 3 1 0 1 0 0 0 0 5 0 3 2 0 0 1 0 5 0 1 4 0 0 1 1 1 1 3 4 1 1 5 0 0 0 0 2 1 1 0 5 1 1 0 2 2 0 2 1 1 1 0 0 5 0 1 5 1 0 1 0 1 1 3 4 0 1 0 0 2 0 1 0 0 2 0 2 0 9 0 0 2 1 1 0 1 0 0 0 0 1 0 0 0 3 1]
Generation:  13
Max fitness:  12
[1 0 0 0 0 0 0 0 2 0 0 3 0 0 1 0 0 0 5 1 0 0 11 0 0 2 1 2 0 0 1 0 2 0 2 0 1 0 3 4 1 0 0 3 0 0 0 0 3 2 0 0 1 11 0 1 0 0 0 5 1 0 1 0 1 0 1 1 0 5 1 6 1 0 1 2 0 0 1 0 0 0 2 0 3 4 3 0 0 7 2 2 0 1 0 0 1 0 0 2 4 0 0 5 3 0 0 0 1 1 1 3 0 0 1 0 0 3 0 2 0 0 3 1 0 7 3 6 0 1 0 0 3 2 2 0 0 1 1 1 1 0 5 8 2 4 1 0 2 0 0 0 3 3 1 3 0 0 2 2 2 0 0 12 0 0 0 0 0 1 2 0 0 0 1 0 1 0 3 1 3 1 0 2 2 1 2 2 1 1 1 2 1 0 1 0 0 10 1 0 0 0 0 2 0 1 0 3 0 1 1 4 0 0 2 2 0 1 0 1 0 2 1 0 5 0 0 5 1 2 6 0 0 1 2 0 0 0 2 0 3 0 0 2 0 1 0 0 1 2 1 0 0 0 0 1]
Generation:  14
Max fitness:  8
[2 1 0 0 0 0 1 0 0 2 2 0 1 0 1 1 1 3 1 3 0 0 2 2 0 4 0 4 2 0 0 0 0 2 8 0 3 2 0 2 0 0 1 0 5 0 0 1 1 2 2 0 0 1 0 2 0 0 1 0 1 5 3 1 1 1 0 0 0 0 0 0 4 2 8 2 2 3 0 2 2 1 1 5 0 2 0 2 0 3 1 0 0 0 0 0 0 0 0 0 0 3 1 0 1 4 4 0 0 1 1 3 2 1 1 3 1 0 0 1 2 0 0 2 1 0 4 1 0 1 1 0 0 0 2 2 3 1 0 2 0 0 2 1 4 3 1 2 2 0 0 4 0 1 0 1 1 1 0 1 2 0 1 1 2 0 0 1 2 1 1 4 1 3 0 1 2 1 2 1 1 3 1 0 2 1 4 0 4 3 0 0 2 2 0 2 0 0 2 0 3 4 6 1 0 0 1 3 1 2 0 3 0 0 0 0 0 1 0 2 0 1 3 1 2 1 0 1 1 0 2 5 5 1 1 2 0 0 2 0 0 1 0 0 1 5 0 2 0 8 0 6 0 0 0 0]
Generation:  15
Max fitness:  10
[6 0 0 2 3 0 0 0 0 0 0 3 1 0 0 0 1 2 2 3 2 0 1 4 0 2 4 3 1 3 2 0 0 3 0 3 3 1 1 4 0 0 0 1 0 1 1 0 3 1 1 7 1 3 4 1 3 0 1 1 3 0 0 0 0 2 10 0 0 0 1 0 1 2 2 0 2 1 0 0 0 1 0 1 8 3 1 1 1 1 0 1 2 7 1 0 1 1 1 4 2 1 4 0 2 1 0 0 1 4 3 0 2 0 0 0 1 7 2 0 2 0 0 3 2 0 8 3 0 0 2 3 1 0 0 0 0 0 1 3 1 1 0 3 0 0 1 1 0 1 0 0 1 0 0 3 0 0 0 5 3 0 0 5 0 2 3 3 2 3 0 2 0 0 3 0 0 2 3 2 1 0 0 0 5 0 1 1 0 0 4 1 0 0 0 0 5 2 3 1 2 2 4 0 0 0 1 4 2 0 1 4 3 0 0 0 0 3 1 1 0 0 3 4 0 0 0 0 0 0 1 0 1 0 4 0 0 0 0 0 0 0 0 0 1 0 0 6 1 1 3 1 0 4 0 0]
Generation:  16
Max fitness:  8
[0 1 0 0 0 4 1 5 2 0 1 2 0 0 0 1 0 0 2 0 2 4 3 3 0 0 1 0 0 0 0 0 0 2 1 5 0 0 1 0 1 5 1 2 0 1 1 3 3 0 1 2 2 0 1 2 1 0 2 1 2 1 1 0 1 0 0 4 1 0 0 2 0 0 0 0 5 1 1 0 2 2 1 0 2 0 1 0 0 0 0 4 1 0 0 1 4 1 1 0 2 0 3 0 0 0 0 1 1 0 7 1 2 0 6 5 0 0 1 2 2 0 0 0 2 0 1 0 0 0 1 2 6 0 0 0 5 2 0 2 1 0 1 0 1 4 0 0 0 2 1 4 0 0 4 1 0 3 2 0 0 3 0 0 3 0 0 2 1 3 0 0 2 3 1 0 1 0 1 0 0 3 1 0 6 0 0 0 4 1 0 0 2 0 3 1 0 2 1 2 3 0 1 0 0 0 5 0 1 1 0 1 0 2 0 0 2 8 0 0 1 0 1 2 0 0 5 6 4 0 1 0 0 6 1 0 1 0 2 0 1 0 0 0 3 1 5 0 0 0 3 2 0 0 1 2]
Generation:  17
Max fitness:  16
[0 3 0 13 5 0 1 2 1 0 0 0 0 1 0 3 1 0 0 16 0 1 0 0 0 1 2 2 0 1 1 0 0 1 1 1 0 4 1 2 0 0 0 0 0 1 1 0 10 4 1 1 0 5 0 1 1 2 1 0 1 2 0 1 1 0 1 6 2 1 6 1 1 0 0 2 0 1 0 1 2 2 2 2 3 0 1 0 0 0 2 4 2 2 0 0 0 1 0 0 1 8 6 1 3 0 7 3 1 3 0 0 1 0 0 0 0 2 1 0 2 2 0 12 1 0 0 0 2 0 0 2 1 0 1 0 0 2 0 0 1 0 1 1 0 0 4 0 0 3 0 0 0 0 4 1 0 1 1 0 4 2 1 0 4 1 0 2 1 1 0 5 1 0 1 0 2 1 6 0 1 0 0 0 7 1 1 2 1 1 0 1 1 0 1 0 1 2 6 0 0 4 0 2 0 1 0 4 0 4 0 0 0 0 0 1 0 6 1 2 1 0 0 3 4 0 0 1 0 0 0 1 2 2 6 0 1 0 0 3 2 1 0 3 1 1 0 0 0 0 5 0 0 0 0 1]
Generation:  18
Max fitness:  10
[1 1 1 0 0 0 2 2 2 0 0 0 0 0 1 2 0 2 7 0 1 2 0 1 4 0 3 0 1 6 2 1 2 6 3 5 1 0 0 0 1 1 3 1 1 2 0 2 3 2 3 2 6 2 0 0 0 0 3 0 6 2 0 1 1 0 0 1 0 7 0 1 3 0 0 0 1 0 3 0 0 3 0 0 0 1 0 3 0 1 1 0 1 3 1 2 0 0 0 0 1 4 1 0 0 4 4 2 0 0 1 4 2 1 4 2 1 0 0 2 2 1 0 6 2 0 2 1 0 3 6 0 3 0 1 1 0 0 0 0 3 2 0 0 3 1 0 2 1 1 0 4 1 0 3 3 1 0 0 4 0 1 0 0 1 0 0 7 1 0 2 0 4 1 10 1 1 7 0 2 3 2 1 0 6 0 0 0 5 1 0 1 0 2 1 0 1 1 0 7 0 0 1 0 1 0 6 0 0 0 1 0 8 0 0 2 6 1 0 1 1 0 2 1 0 0 2 0 0 1 2 1 4 0 1 6 1 0 0 1 0 0 0 0 0 0 2 1 0 0 2 0 2 1 0 0]
Generation:  19
Max fitness:  14
[0 1 0 1 6 1 1 0 1 0 0 2 1 0 3 11 1 1 0 5 3 0 1 1 1 0 0 1 0 1 2 2 4 0 2 9 2 3 0 6 1 1 0 0 0 0 0 1 0 0 0 0 14 0 0 2 4 1 4 1 2 0 4 0 1 2 0 2 0 0 0 0 0 1 0 0 1 0 5 2 3 2 2 0 2 6 0 0 0 3 0 0 2 0 2 0 0 0 2 0 0 0 0 0 0 3 1 0 0 1 0 0 1 0 0 2 2 0 0 0 1 2 2 2 0 1 0 0 5 1 0 3 0 1 0 6 2 1 0 0 0 0 1 3 1 1 0 7 0 3 0 3 3 1 0 0 1 1 1 1 0 2 0 0 7 1 5 1 0 1 4 4 1 3 4 2 1 0 1 2 9 0 0 0 0 6 0 7 4 1 1 1 0 0 2 0 1 0 0 0 0 0 0 0 0 1 0 2 3 0 0 3 0 0 0 1 1 0 1 6 0 2 1 0 1 1 2 3 0 0 1 0 2 1 0 1 1 2 1 0 0 2 0 2 2 3 0 0 0 0 3 1 3 2 1 0]
Generation:  20
Max fitness:  11
[2 2 1 1 3 0 0 0 0 0 0 0 6 3 6 3 2 2 0 0 3 1 0 0 0 0 4 0 4 4 4 6 6 4 3 2 3 2 0 1 2 0 0 4 0 0 0 1 5 2 1 0 0 0 2 0 0 0 0 1 1 4 0 3 1 1 0 4 6 0 0 1 1 2 2 2 2 0 1 3 1 6 0 2 2 0 0 0 1 0 1 2 3 2 0 0 1 1 1 2 1 1 8 1 0 0 3 4 1 0 0 0 1 1 1 0 4 2 1 0 0 0 1 0 2 1 3 0 1 2 0 2 1 8 1 0 0 0 3 2 6 1 3 0 0 3 1 2 1 3 0 1 0 3 0 0 0 0 0 1 2 0 1 0 1 2 0 4 0 0 4 0 1 4 0 0 0 2 0 0 0 0 1 0 1 2 0 0 5 0 3 5 0 4 1 2 1 11 4 2 7 4 0 7 4 2 2 0 1 0 0 2 1 0 2 0 0 2 3 0 1 2 2 0 2 3 7 0 2 10 0 0 5 2 4 0 0 2 2 7 1 2 3 1 2 0 0 3 0 0 0 0 3 0 5 0]
Generation:  21
Max fitness:  16
[0 0 2 1 0 1 0 0 1 3 0 1 2 9 0 2 1 0 0 8 4 3 0 0 0 5 3 2 1 0 0 0 1 3 0 3 4 2 0 1 1 1 2 2 6 0 1 0 0 0 2 0 0 2 1 1 1 1 0 2 0 3 3 1 0 3 1 1 0 3 2 0 0 1 5 1 0 1 1 4 0 0 4 1 0 0 1 1 1 1 3 2 0 2 0 0 1 3 0 0 0 0 0 16 3 3 3 0 0 1 0 2 0 0 1 0 0 0 0 0 1 2 0 6 5 0 0 3 2 1 0 0 2 2 3 1 0 0 2 0 5 3 1 1 0 3 2 0 0 0 1 1 0 3 3 0 0 2 2 0 1 0 1 0 0 0 0 0 1 3 2 3 2 4 0 0 7 4 2 4 3 5 3 0 0 0 1 0 3 4 0 0 1 2 1 0 0 1 2 0 3 2 0 1 2 3 0 5 6 0 6 0 0 0 2 1 2 0 2 2 0 1 8 2 2 1 0 0 0 1 0 0 0 2 3 0 0 1 1 0 1 2 3 0 1 2 1 2 2 5 0 0 0 4 6 3]
Generation:  22
Max fitness:  11
[2 1 0 0 1 6 2 2 1 1 6 0 1 2 0 0 4 6 3 1 0 1 6 6 0 3 2 0 2 0 0 0 2 2 1 1 10 0 1 0 0 1 3 2 0 3 3 3 3 0 2 0 0 0 2 11 2 0 1 1 0 0 2 0 1 0 0 1 1 0 5 3 2 1 0 1 1 0 0 2 4 3 11 1 8 0 0 7 0 7 0 4 2 2 0 0 9 4 3 4 0 1 0 3 1 0 2 1 0 1 2 2 0 0 8 2 1 3 1 0 3 0 2 0 2 0 0 0 1 0 0 3 2 0 1 3 0 1 1 0 1 1 1 4 0 1 2 0 4 4 4 3 3 1 4 0 0 4 0 0 2 1 3 1 3 1 0 2 0 0 0 0 0 0 3 1 4 3 0 0 2 3 2 4 0 2 1 2 2 0 1 1 9 1 0 1 1 1 5 0 4 0 0 0 2 0 0 4 3 0 1 0 0 3 4 3 1 0 1 1 0 2 3 3 0 0 5 4 2 6 2 0 1 0 1 0 0 8 0 0 6 0 0 1 0 0 2 1 5 0 1 1 0 1 2 2]
Generation:  23
Max fitness:  12
[5 1 0 6 0 2 1 1 0 0 5 4 0 1 2 1 2 1 0 0 0 1 2 0 4 0 2 9 1 0 4 0 9 4 1 1 2 2 0 3 0 0 0 5 3 0 3 3 2 1 2 2 0 0 1 1 3 0 9 0 3 0 5 2 1 6 5 0 0 3 2 6 3 0 0 2 1 6 2 2 3 2 0 0 3 1 0 4 1 3 5 3 1 0 4 1 0 4 1 1 0 0 2 6 0 0 0 0 1 2 1 1 0 2 0 2 1 1 0 2 0 1 1 2 0 7 2 0 3 0 2 3 2 4 2 3 2 0 3 1 3 3 1 2 1 0 1 2 1 4 0 1 1 3 0 2 0 4 1 2 0 1 0 0 2 0 2 3 0 1 0 0 2 0 5 0 0 1 1 5 0 1 1 0 2 1 4 1 2 0 4 0 4 0 1 0 1 3 6 0 12 0 0 0 0 3 0 2 1 1 3 0 0 3 2 0 0 0 0 6 0 1 2 1 0 2 1 2 1 1 0 0 4 1 3 0 1 0 1 0 2 0 0 1 3 3 0 0 0 8 0 2 2 0 1 0]
Generation:  24
Max fitness:  13
[1 2 0 0 1 10 0 8 0 2 0 2 0 3 0 2 1 0 0 1 2 2 2 0 9 2 0 2 6 2 1 1 2 0 0 2 1 3 0 9 0 5 1 0 1 2 0 0 1 6 5 0 1 0 0 0 1 1 4 1 4 0 2 3 3 0 2 2 0 0 8 0 0 1 1 8 0 1 0 0 13 3 0 6 3 3 1 1 0 0 1 0 1 2 1 6 0 0 0 0 1 2 0 2 0 0 2 0 0 7 1 8 0 1 0 3 0 2 1 0 0 2 1 3 1 1 0 1 0 3 2 1 0 5 1 9 0 0 0 0 0 2 0 0 0 0 0 0 0 1 0 0 6 0 4 1 1 0 3 2 0 5 2 4 1 0 1 2 1 0 0 0 0 4 3 1 0 2 1 3 3 0 5 1 1 1 4 1 1 2 2 1 0 0 1 0 0 2 0 0 1 0 1 0 3 1 0 1 0 1 1 0 0 1 2 0 4 1 1 9 0 1 0 0 1 7 0 4 2 0 3 0 0 0 0 1 5 0 1 0 2 3 1 1 0 4 0 3 0 2 1 0 0 1 1 2]
Generation:  25
Max fitness:  10
[4 3 2 0 1 1 0 2 3 2 0 0 1 1 5 0 7 3 0 5 0 1 0 0 3 2 2 4 2 0 1 0 0 4 0 0 8 1 0 0 1 3 1 0 2 0 0 6 2 1 1 5 2 0 1 2 0 0 1 0 0 6 1 0 0 4 0 1 2 1 1 1 1 0 2 0 0 0 0 1 1 5 0 2 0 2 0 3 1 0 7 1 2 3 0 2 0 1 0 6 0 1 3 2 0 0 0 1 1 3 1 0 0 1 9 9 0 0 0 2 1 1 2 0 3 1 1 2 1 0 2 1 0 0 4 0 0 0 2 1 1 0 6 5 0 0 5 3 2 0 0 2 3 7 1 0 0 5 1 1 2 1 1 0 0 1 0 0 0 1 0 0 0 0 3 2 5 0 0 2 0 2 0 1 0 0 0 1 3 0 0 0 1 2 0 2 7 1 0 0 0 2 1 0 0 3 0 4 1 2 0 1 0 0 1 0 2 0 0 0 1 0 0 1 7 0 0 5 5 0 2 0 10 0 0 0 4 2 2 3 1 5 1 0 0 1 6 0 2 3 0 0 4 1 2 4]
Generation:  26
Max fitness:  23
[7 0 0 0 1 2 6 0 3 0 1 4 6 1 1 1 0 0 7 5 0 2 3 1 0 0 3 1 3 2 6 0 1 1 0 0 0 5 0 0 0 1 3 2 2 2 1 1 0 3 0 2 0 1 1 1 1 0 1 1 1 2 6 0 0 2 0 0 0 8 0 1 2 1 0 0 2 0 0 0 4 6 0 9 0 1 0 1 0 1 0 0 0 2 6 2 9 3 4 0 0 1 0 1 0 2 0 0 3 0 1 0 0 1 1 8 1 2 2 23 5 3 3 0 2 0 1 1 4 1 2 3 2 0 0 1 0 2 4 11 3 0 2 0 0 3 2 0 0 0 4 1 0 0 0 0 0 7 0 0 0 1 4 0 3 1 1 0 5 0 0 4 0 0 1 0 0 0 3 0 6 0 2 0 4 0 2 2 6 4 0 5 1 0 2 0 1 5 3 0 1 4 0 5 3 1 0 2 1 0 1 0 3 0 1 1 3 5 0 0 4 5 9 1 3 1 0 4 0 2 3 2 1 2 0 1 0 3 2 0 4 2 0 2 1 0 4 7 0 1 2 0 0 1 2 6]
Generation:  27
Max fitness:  18
[4 0 2 4 0 0 3 1 1 0 1 3 8 1 0 2 0 2 1 3 2 2 4 1 0 2 3 3 2 4 0 0 2 6 8 1 0 5 0 0 2 0 0 3 6 4 0 2 1 0 0 0 2 1 9 1 0 5 3 3 0 3 3 2 0 1 2 0 1 3 0 0 8 2 1 0 0 0 0 1 4 4 1 2 0 1 0 1 0 2 5 0 1 1 1 0 0 0 1 0 3 0 0 3 2 8 10 0 1 5 6 2 4 0 2 0 1 2 8 1 5 3 2 1 0 1 0 2 2 0 7 13 2 1 1 0 1 1 2 6 1 1 3 1 8 0 1 9 0 1 0 0 1 1 2 2 0 7 0 0 4 0 2 2 0 0 7 1 1 2 3 1 2 4 0 5 3 0 0 0 3 6 0 1 0 5 3 3 1 4 0 0 1 1 0 0 5 5 4 3 1 2 0 1 0 7 1 6 3 4 1 2 2 3 2 4 3 8 1 0 2 0 0 2 0 1 1 1 0 0 4 3 10 3 2 1 2 2 1 2 18 2 0 2 5 2 4 1 4 4 0 1 3 3 0 1]
Generation:  28
Max fitness:  11
[1 1 0 2 0 0 2 0 0 4 0 4 6 2 4 0 0 1 0 0 4 4 0 0 0 3 0 6 2 11 0 7 3 5 1 2 4 3 0 0 1 4 0 5 1 0 0 5 0 2 0 9 1 1 1 0 0 0 0 1 1 0 0 2 0 0 6 8 3 8 0 0 5 1 1 0 0 3 2 0 7 5 1 0 0 0 0 1 2 1 0 7 0 0 1 0 1 0 5 0 10 0 0 1 3 0 6 1 0 5 0 0 0 1 0 4 3 0 5 1 4 2 5 1 0 0 1 4 1 7 1 3 0 0 0 0 0 1 3 3 0 0 3 2 6 0 1 2 0 0 0 0 1 0 6 3 2 2 3 0 0 0 0 0 2 3 4 0 8 0 1 2 4 0 2 1 0 3 5 1 0 0 0 2 0 0 3 7 0 0 0 4 3 2 0 2 5 1 4 1 6 1 0 1 2 1 1 1 1 1 0 2 1 1 4 1 0 2 0 0 1 1 6 0 0 0 7 0 2 4 0 0 0 6 0 1 0 3 4 2 3 6 2 3 0 5 2 2 1 0 0 10 1 3 3 1]
Generation:  29
Max fitness:  12
[2 1 5 8 0 6 0 0 0 1 1 0 2 1 2 0 4 5 1 0 1 1 1 0 1 5 0 0 0 0 0 2 1 5 1 1 1 4 3 5 1 4 3 3 2 1 0 1 2 0 4 6 1 10 3 1 0 2 5 4 2 0 2 2 0 0 1 0 0 2 0 1 0 0 7 0 2 0 0 1 1 4 2 0 0 5 1 0 0 1 2 0 5 0 1 2 3 6 4 5 0 0 0 0 2 2 0 0 1 1 3 0 0 0 1 4 0 2 1 0 2 0 2 1 3 1 2 2 1 2 1 1 0 4 1 0 4 0 1 0 0 1 1 0 2 4 1 2 1 0 0 1 1 2 5 0 0 0 1 1 7 2 2 7 1 5 4 5 5 0 4 1 0 0 4 3 4 1 6 0 1 0 3 1 0 10 7 0 0 1 0 0 6 6 1 1 0 0 5 1 0 0 2 3 2 2 0 1 0 3 0 0 3 0 3 2 3 4 1 0 0 0 1 4 2 1 0 2 5 1 0 4 0 1 9 0 3 5 0 1 0 2 1 2 2 0 0 0 1 1 0 1 4 2 0 12]
Generation:  30
Max fitness:  17
[2 1 0 0 6 10 0 1 0 1 2 2 6 3 1 2 2 0 0 1 3 4 0 0 2 1 0 0 2 3 2 2 1 5 0 0 0 2 1 2 1 0 2 2 1 0 2 2 0 0 0 1 2 2 0 4 1 3 3 2 3 5 10 17 0 2 0 1 1 2 1 0 0 2 2 0 0 0 2 5 2 2 5 0 0 0 6 0 5 0 8 0 5 10 0 1 1 2 6 4 4 2 1 0 6 0 0 0 0 0 0 1 1 1 1 5 1 3 1 2 0 0 3 5 0 4 2 3 4 4 0 1 0 1 0 0 0 2 2 9 0 0 3 1 0 0 0 1 1 0 0 8 1 0 1 0 2 2 0 0 0 2 3 1 1 1 2 1 0 0 1 0 1 5 1 0 7 4 1 1 0 2 5 14 1 9 1 0 0 5 4 0 3 6 0 1 0 2 4 0 0 4 6 0 3 0 6 3 0 1 5 4 0 4 2 1 1 1 1 4 1 0 0 2 0 1 1 0 10 1 10 4 8 7 1 3 1 1 2 2 2 3 0 1 4 0 2 2 5 0 0 3 0 7 0 5]
Generation:  31
Max fitness:  15
[0 0 2 0 0 1 4 1 4 0 0 1 1 1 0 1 3 3 0 0 0 5 0 1 1 3 0 2 2 5 0 1 1 1 1 3 5 1 1 0 1 2 2 0 0 1 2 6 0 0 1 1 0 0 0 2 1 0 0 0 1 0 1 0 0 0 1 0 8 1 0 15 4 0 1 1 1 4 0 2 2 0 3 0 4 5 0 0 2 3 2 1 1 1 1 0 0 1 0 0 0 0 1 0 9 2 0 1 3 0 0 1 2 0 3 9 2 3 3 0 3 0 2 3 0 1 0 2 8 3 4 7 0 0 2 9 0 0 0 0 2 3 5 1 6 1 2 2 2 0 1 0 3 0 0 2 13 2 2 0 1 1 2 1 0 1 0 1 0 6 3 1 4 0 0 2 0 10 6 0 0 3 8 0 0 2 8 0 6 0 0 3 1 13 0 2 3 4 0 0 2 3 1 0 0 3 2 0 0 6 0 2 2 1 0 10 12 3 3 4 0 0 8 2 1 1 4 0 3 2 1 0 7 0 1 5 0 2 0 4 2 9 0 4 3 2 2 0 0 0 5 2 2 0 3 3]
Generation:  32
Max fitness:  11
[1 1 0 0 3 9 0 4 9 2 0 2 0 0 1 0 5 0 3 2 2 8 1 0 6 1 0 1 1 2 0 0 1 1 0 5 1 3 6 0 2 0 1 3 0 1 1 0 3 3 0 2 2 1 1 1 0 2 2 1 2 0 2 2 1 1 0 1 0 1 2 0 1 1 2 3 0 1 1 0 3 6 4 4 0 2 1 2 0 2 0 1 2 3 5 2 4 3 3 0 10 0 4 2 1 2 0 9 0 7 0 3 0 0 2 1 1 5 7 1 0 0 3 9 10 1 2 1 1 8 2 4 1 0 4 0 11 0 0 1 0 4 1 6 2 0 3 4 1 1 0 0 3 0 7 4 0 0 0 7 0 2 1 9 3 2 0 1 2 1 1 1 4 3 2 0 0 2 0 3 1 1 0 0 3 0 6 7 0 3 3 3 6 4 1 0 1 0 0 3 7 0 1 7 2 1 0 1 0 1 0 1 0 4 2 5 0 1 1 4 6 0 2 5 2 6 1 1 1 0 4 2 5 2 1 8 3 0 0 0 0 0 1 9 2 1 0 0 0 2 3 2 2 1 0 0]
Generation:  33
Max fitness:  17
[0 0 2 0 0 3 2 3 0 1 0 9 1 0 4 0 0 10 0 2 4 0 1 1 1 1 0 0 0 0 0 4 0 1 1 1 0 5 0 1 1 1 6 0 5 2 0 3 3 1 2 2 3 3 3 2 2 1 1 0 1 0 1 5 0 3 2 9 3 4 2 11 4 4 1 0 1 1 0 1 2 0 0 1 0 0 0 3 1 0 0 1 1 2 0 1 3 6 1 7 0 0 6 1 1 1 8 6 0 5 1 3 0 0 2 4 12 7 2 0 14 7 0 3 2 4 4 0 0 5 2 0 10 0 8 0 3 2 1 3 2 0 0 7 0 1 0 12 0 1 0 7 12 1 1 2 1 1 3 0 3 0 8 2 0 2 0 0 0 0 2 8 0 4 11 1 3 1 1 2 2 1 0 2 0 0 3 5 3 2 0 0 0 2 6 0 4 1 2 0 6 0 2 6 4 1 5 0 2 1 2 0 1 1 11 0 2 7 1 0 0 1 1 0 2 1 2 1 6 5 1 1 2 1 1 1 5 11 8 0 1 17 1 3 2 0 4 3 0 1 5 1 1 0 2 1]
Generation:  34
Max fitness:  27
[2 6 4 0 2 0 1 3 5 0 0 5 4 1 3 2 4 0 1 1 0 2 1 12 1 7 0 3 0 0 0 1 4 4 3 0 1 2 2 2 1 0 21 0 17 3 0 0 1 2 3 5 2 4 2 0 1 0 0 0 2 3 1 0 2 0 4 3 0 1 2 3 5 2 5 0 0 5 3 1 2 2 1 2 11 8 3 0 3 0 0 2 7 4 1 8 1 1 1 2 5 1 4 0 0 0 6 9 0 2 2 10 0 0 0 0 2 2 7 0 3 0 2 0 7 0 1 0 0 3 1 0 3 3 2 1 1 0 0 0 0 0 0 0 1 4 0 0 0 3 2 0 4 0 0 2 1 2 1 2 0 5 3 0 0 1 8 0 0 1 0 1 1 7 0 3 1 0 0 0 1 2 0 1 14 4 0 0 2 2 8 0 2 0 1 6 1 4 11 1 3 0 0 27 2 3 5 7 2 4 1 1 0 3 5 5 7 1 5 1 1 1 0 0 0 2 7 3 0 0 3 3 5 6 0 3 0 0 3 2 2 7 0 4 2 0 9 1 0 0 5 7 1 1 4 2]
Generation:  35
Max fitness:  22
[3 0 3 2 0 0 0 0 1 3 3 4 0 0 1 0 3 0 8 0 0 0 3 1 0 2 1 0 0 1 1 2 0 1 2 2 4 1 3 7 4 1 3 4 0 0 3 19 1 0 5 1 1 2 0 6 4 1 2 0 7 0 1 7 16 7 6 0 12 1 1 2 0 2 1 1 7 1 2 1 0 1 0 3 2 6 3 0 0 2 0 2 4 7 1 0 9 2 6 3 0 1 3 0 7 7 2 3 4 0 1 0 0 0 1 1 9 6 1 0 0 4 0 0 0 4 2 0 1 2 1 0 5 0 1 1 2 0 5 0 4 1 4 4 0 2 3 1 0 1 2 5 0 8 4 5 8 1 0 5 3 0 4 0 2 3 1 4 3 0 1 1 0 1 3 2 1 3 0 0 4 2 0 2 1 1 2 2 4 0 1 1 2 7 1 0 1 0 0 0 4 2 5 2 3 10 6 1 2 3 1 1 2 0 2 0 5 4 1 0 1 2 0 10 2 4 0 8 1 1 7 17 0 1 3 1 3 5 22 1 0 2 6 3 0 5 1 1 3 8 6 0 1 1 0 8]
Generation:  36
Max fitness:  24
[1 2 4 0 2 4 0 2 3 0 1 0 3 0 2 0 0 2 2 2 4 2 2 0 1 2 1 2 3 2 0 3 4 0 8 0 5 0 18 0 1 6 3 4 0 0 4 4 0 3 1 0 0 3 8 24 0 3 1 1 1 1 1 4 11 0 3 2 0 3 1 3 0 0 1 0 2 5 0 6 5 1 0 0 3 0 1 2 14 6 1 6 2 1 5 3 2 2 1 0 2 1 0 1 3 2 0 2 0 2 3 4 1 0 0 2 1 8 6 1 0 2 2 0 13 4 2 1 2 0 0 0 4 1 3 3 1 2 0 5 18 3 5 2 2 0 0 1 2 1 0 2 4 6 1 0 1 2 1 0 1 3 2 1 6 1 3 0 0 2 0 0 1 0 1 1 1 0 2 4 2 0 0 3 3 1 1 6 1 0 3 6 2 2 1 0 0 0 15 1 2 1 0 0 3 0 2 2 1 1 4 3 2 2 8 5 0 0 1 8 1 1 8 5 1 4 5 0 0 0 1 1 4 3 21 1 2 12 2 3 4 6 0 2 1 0 1 1 2 1 2 0 1 2 13 0]
Generation:  37
Max fitness:  17
[0 9 1 1 16 0 3 1 6 3 1 0 1 5 0 4 5 0 0 0 3 2 0 6 1 1 0 4 1 0 8 0 2 1 0 7 0 4 0 1 2 1 2 3 0 8 1 3 0 2 5 7 1 15 6 0 5 6 2 4 0 2 1 2 5 2 2 2 0 4 0 0 1 0 7 0 4 4 4 0 0 3 3 0 10 1 4 16 1 4 2 11 1 0 3 5 0 10 2 2 8 0 2 1 0 0 0 3 2 0 16 2 0 5 0 2 5 0 4 3 0 1 0 11 4 3 3 4 2 0 1 0 1 15 0 0 0 0 1 1 6 1 4 0 9 0 1 0 3 0 4 1 0 0 2 2 9 2 0 3 6 0 0 1 13 0 5 0 12 1 2 6 0 1 0 0 6 3 1 1 0 1 1 3 2 0 1 0 1 2 2 4 2 0 1 1 0 2 11 4 0 2 2 1 1 1 3 0 1 0 0 1 3 1 1 3 1 1 6 2 0 4 4 1 0 1 0 3 0 4 2 3 0 6 4 1 0 2 0 1 1 3 3 17 0 5 6 2 2 2 1 2 1 8 1 4]
Generation:  38
Max fitness:  13
[1 1 12 9 1 5 1 5 1 8 3 3 0 2 2 1 2 3 0 2 10 1 0 1 1 8 2 3 6 0 0 0 1 2 6 3 5 1 4 5 0 0 2 4 3 1 0 9 0 3 1 4 8 6 0 2 3 0 7 1 3 0 0 6 7 5 0 0 7 4 10 0 0 2 0 5 6 8 3 3 6 0 1 3 0 3 4 1 1 0 0 1 0 2 0 0 12 6 0 0 4 1 1 4 5 3 11 0 0 3 9 3 11 2 3 0 2 6 1 2 9 5 0 2 6 10 5 1 1 3 2 4 3 11 3 0 8 0 0 2 1 2 4 3 7 0 1 2 0 3 0 3 6 6 4 1 3 3 4 0 1 5 2 0 0 3 0 0 2 0 1 2 0 1 0 2 0 3 0 1 7 0 1 1 2 4 1 9 0 1 8 2 0 0 3 2 0 3 1 0 0 1 0 0 2 5 13 0 9 2 0 4 3 0 0 3 3 3 0 8 10 0 3 3 1 0 9 1 2 8 0 6 4 2 7 7 2 7 1 2 4 0 5 0 0 4 1 0 5 0 0 0 2 6 7 1]
Generation:  39
Max fitness:  19
[1 9 1 1 6 1 2 5 0 0 0 0 8 8 2 4 5 4 0 7 2 0 1 1 0 0 1 2 3 3 1 1 0 5 1 3 0 3 1 0 0 11 3 1 1 5 0 1 0 2 8 9 0 0 10 0 0 0 2 0 3 10 12 3 2 2 2 6 2 0 5 0 0 0 0 0 5 6 0 1 4 6 1 0 3 4 3 12 6 2 0 6 1 0 0 15 1 0 4 5 3 0 5 2 1 3 0 2 0 3 0 0 6 2 6 3 2 7 5 4 19 0 2 1 0 2 6 3 3 1 0 0 5 9 1 0 3 2 0 5 7 0 18 0 1 0 7 4 1 15 0 1 7 1 5 0 2 0 0 7 5 1 1 3 2 2 0 3 0 0 2 0 0 1 0 0 4 3 6 0 1 0 3 1 0 0 1 2 2 1 1 3 2 0 6 0 0 1 1 4 0 1 2 0 7 1 4 1 2 0 0 2 0 0 3 1 6 1 0 1 3 0 1 7 2 0 1 1 9 1 1 11 9 3 4 3 1 0 1 4 0 6 3 1 11 1 1 0 3 1 0 0 0 1 1 2]
Generation:  40
Max fitness:  29
[29 5 7 0 8 0 0 1 4 6 5 0 2 0 3 1 2 0 0 1 3 5 3 7 1 0 5 7 0 5 4 2 1 7 0 0 2 0 3 5 0 0 2 2 2 1 1 1 2 7 9 4 1 1 17 11 10 6 0 1 0 0 2 0 1 1 1 0 1 20 7 1 1 1 6 16 1 6 6 0 1 2 10 0 1 1 5 3 3 1 0 0 0 1 15 0 3 1 3 3 3 8 1 3 0 4 4 1 0 3 8 1 3 3 0 7 6 4 3 2 2 2 1 4 0 3 9 0 5 1 0 0 0 3 1 8 4 1 0 0 1 1 3 0 1 10 3 2 2 2 0 0 8 12 6 20 3 0 0 4 0 4 7 15 1 2 3 0 1 1 1 8 3 0 1 12 7 6 8 6 3 0 2 1 4 6 2 2 1 6 2 3 1 12 2 6 3 2 0 2 6 10 1 4 5 7 1 0 9 0 0 0 2 1 1 7 4 5 3 3 3 0 10 1 3 4 0 4 3 0 4 8 5 0 5 0 2 6 0 2 0 1 2 2 3 1 4 3 6 5 5 0 2 5 2 0]
Generation:  41
Max fitness:  25
[5 1 6 0 6 0 1 9 2 0 3 4 0 0 0 0 9 0 0 0 5 2 4 2 8 4 0 1 25 1 0 1 5 0 11 0 7 17 3 0 0 0 0 10 1 4 0 1 0 1 0 0 7 5 4 8 1 0 0 0 0 2 1 2 0 3 2 0 2 3 0 1 0 7 6 0 1 4 0 1 2 4 5 7 0 1 1 2 0 1 0 0 4 2 2 9 3 0 13 6 3 2 5 1 1 0 4 3 0 0 2 0 3 1 1 4 0 1 1 9 3 4 0 12 0 3 0 12 2 1 0 1 0 8 5 5 5 4 2 2 4 4 0 3 5 0 4 5 2 4 4 5 0 5 0 0 0 0 17 20 3 0 0 4 0 1 0 2 0 1 1 2 0 0 2 0 8 3 0 0 5 0 8 0 2 0 6 2 4 0 1 1 0 1 0 7 10 3 0 4 7 5 6 3 0 2 1 1 9 0 7 1 7 0 0 2 0 7 0 5 3 11 1 1 3 2 2 3 0 1 16 12 1 0 0 1 1 6 2 0 1 2 7 1 0 1 6 3 1 3 5 5 10 0 15 6]
Generation:  42
Max fitness:  25
[3 19 0 0 5 0 0 0 6 1 5 9 0 0 2 8 0 1 0 7 5 5 8 8 2 5 10 1 6 1 0 6 4 1 2 10 3 6 0 7 0 1 6 3 2 8 0 1 17 0 1 6 5 1 4 2 4 4 3 3 1 11 1 4 7 2 5 0 0 0 19 1 16 6 4 0 2 0 2 9 0 3 0 5 1 1 4 1 5 1 8 0 4 0 6 1 1 0 0 0 6 0 2 0 0 2 25 2 2 1 1 6 3 4 0 4 4 0 3 1 6 1 4 3 0 4 4 6 1 1 3 4 2 2 2 1 1 0 9 0 10 0 2 3 1 5 5 0 3 0 7 5 1 2 3 2 0 4 1 2 1 4 2 3 0 2 2 4 0 0 1 2 2 12 1 1 7 2 1 1 1 7 6 0 3 0 7 0 4 3 1 4 0 3 1 5 17 3 3 10 2 3 3 1 2 0 12 8 5 1 0 4 10 6 5 9 8 2 0 4 2 0 0 0 2 8 0 17 13 1 5 5 0 2 0 0 3 0 4 6 5 2 2 0 0 0 1 1 1 1 5 1 0 0 0 12]
Generation:  43
Max fitness:  32
[4 0 5 7 1 1 14 0 0 2 2 0 9 4 11 1 3 0 4 0 4 0 14 4 9 1 5 6 3 9 4 4 4 7 4 0 2 5 0 3 9 9 1 2 10 3 10 0 5 1 11 7 0 1 0 0 4 5 2 0 0 8 0 4 3 2 3 0 6 3 2 6 5 2 8 0 0 7 4 0 2 2 0 3 0 3 3 0 2 8 1 0 5 1 5 0 4 0 0 0 1 1 6 0 11 2 2 3 5 6 3 0 7 2 3 2 1 5 2 6 0 2 3 3 0 1 0 2 7 4 7 4 0 0 20 1 1 0 4 32 7 1 1 1 6 1 5 1 5 0 3 0 24 3 2 6 0 4 0 3 14 2 1 0 0 17 3 3 2 3 3 1 7 16 1 1 3 1 13 2 1 2 9 4 2 4 3 5 5 1 1 3 16 6 3 1 2 6 2 1 0 1 1 1 7 0 2 0 6 4 0 0 4 0 15 0 14 2 1 0 13 5 6 4 12 1 25 3 1 1 5 8 1 6 4 2 7 0 0 0 0 1 1 1 4 0 9 0 4 1 1 3 10 3 1 4]
Generation:  44
Max fitness:  23
[2 3 6 1 1 0 4 10 13 1 4 1 3 0 2 0 4 2 0 2 0 4 1 2 1 3 2 7 2 3 6 0 5 1 0 8 1 4 2 0 2 5 0 0 0 6 1 0 2 0 6 4 1 0 6 0 2 2 3 4 7 4 4 2 2 2 1 4 10 9 2 1 10 2 7 7 3 1 12 23 1 4 0 1 5 0 3 0 1 0 1 1 1 3 2 0 3 3 8 1 0 9 2 0 15 3 8 12 4 1 1 3 0 2 0 5 7 1 2 21 0 0 0 0 2 2 2 1 1 3 12 6 6 2 1 4 0 0 0 9 1 0 0 3 15 1 1 5 0 2 1 7 14 0 0 0 1 8 4 0 11 7 2 2 0 5 6 2 0 1 4 1 1 1 14 4 1 2 0 1 0 3 6 2 1 13 0 3 13 0 0 6 0 2 7 14 5 7 0 0 4 1 4 1 9 3 1 2 2 4 7 5 1 23 1 2 3 8 6 1 5 4 3 1 3 0 0 2 16 2 0 11 2 1 0 0 2 0 0 0 0 5 0 10 3 0 1 5 0 3 4 1 0 7 0 8]
Generation:  45
Max fitness:  26
[6 9 13 3 2 4 0 4 2 2 3 3 1 1 2 2 3 0 0 5 4 1 1 2 1 7 1 3 1 1 3 0 0 0 0 0 2 1 0 0 1 1 0 0 8 0 2 5 1 4 0 1 13 2 0 8 3 7 9 1 2 4 6 9 1 1 1 9 3 7 5 9 1 15 1 2 2 0 3 3 2 2 5 5 7 0 6 3 17 0 0 2 0 3 0 5 1 4 6 13 9 15 1 1 3 3 3 7 10 0 13 3 2 2 2 0 3 2 0 4 0 3 2 3 2 2 1 12 0 9 0 18 0 2 3 1 0 1 0 1 5 10 4 15 6 26 0 1 8 1 0 6 6 3 0 1 0 7 2 0 3 0 4 2 0 0 5 0 4 1 1 4 4 2 3 6 1 0 11 0 2 6 3 0 2 0 11 0 2 1 0 0 1 0 10 10 4 5 2 3 4 2 4 10 4 1 2 10 4 2 2 8 1 1 1 0 2 4 0 8 0 3 3 2 1 4 4 6 6 5 12 1 5 1 15 5 7 0 1 3 2 13 1 5 1 3 3 4 3 1 2 2 0 0 3 1]
Generation:  46
Max fitness:  28
[1 3 18 4 2 3 1 0 2 3 1 3 1 1 0 1 14 2 1 10 1 4 4 3 0 1 4 11 1 0 3 5 1 12 5 8 5 4 0 5 19 0 2 2 2 3 9 0 2 0 4 1 4 1 2 0 1 0 20 0 3 0 2 9 1 1 1 9 12 14 1 0 3 1 7 6 0 1 0 4 2 1 18 3 0 11 24 0 0 9 3 0 1 2 7 2 0 1 3 5 6 2 1 1 7 3 2 2 1 4 1 3 0 8 2 0 6 3 4 0 10 0 1 11 1 2 12 10 2 4 1 5 0 3 12 1 0 20 1 4 2 2 2 1 4 6 4 0 3 12 28 0 0 0 1 5 2 0 0 0 15 8 2 3 0 3 2 6 4 1 1 3 4 1 4 2 1 1 1 3 7 15 0 0 5 3 10 2 0 11 0 0 2 13 2 3 10 7 5 0 0 0 4 0 5 0 4 3 6 10 6 1 1 4 11 4 0 5 0 8 4 2 15 2 8 26 0 13 0 1 10 10 6 23 25 1 0 5 3 0 5 2 7 3 6 7 1 1 0 4 0 0 6 0 5 3]
Generation:  47
Max fitness:  38
[2 3 1 6 0 3 2 1 1 0 0 4 6 1 1 1 2 0 3 0 3 4 6 1 15 2 1 0 0 10 5 6 6 0 0 2 1 4 1 0 2 5 1 2 0 11 2 0 6 8 1 4 0 1 1 14 22 1 10 5 6 3 6 0 4 1 1 0 18 5 20 17 1 0 4 7 0 1 5 3 14 3 2 0 3 1 1 1 0 2 4 2 0 4 3 0 11 3 1 0 7 28 0 2 1 4 6 1 24 1 0 2 14 4 9 0 0 2 4 1 6 4 0 1 3 2 9 3 1 9 0 2 8 3 1 0 3 6 1 3 8 5 7 3 8 1 3 9 1 1 0 1 0 2 21 2 4 13 5 5 9 20 1 4 5 14 3 3 8 4 6 4 6 0 1 1 0 3 0 3 1 0 10 2 4 5 0 2 4 0 8 0 0 20 4 1 1 0 38 0 0 4 6 0 4 3 2 7 0 2 5 7 3 0 6 1 0 21 15 10 0 2 0 0 2 2 8 0 0 3 2 2 5 6 8 3 0 0 1 1 2 0 10 1 4 3 2 1 2 9 0 6 5 0 0 1]
Generation:  48
Max fitness:  52
[5 47 7 15 3 1 6 8 10 0 2 1 1 0 0 7 9 1 8 5 11 5 1 7 0 3 0 2 0 5 8 1 11 16 4 7 0 1 15 0 7 8 2 2 2 2 9 3 2 5 0 0 6 0 0 3 9 4 14 7 0 25 15 5 6 6 3 4 8 1 2 3 4 9 3 1 2 1 0 0 1 5 9 0 4 2 16 3 11 15 2 2 17 8 6 10 8 0 6 1 5 3 11 0 2 6 1 5 1 2 2 0 13 0 31 5 14 7 5 0 3 0 20 3 3 4 1 11 6 0 0 2 3 3 0 0 1 2 3 2 2 0 26 5 1 5 2 0 3 8 0 0 0 13 1 6 5 1 10 1 1 1 16 0 1 15 0 2 0 4 12 1 5 4 0 0 1 11 4 2 0 0 0 1 3 9 4 2 0 0 3 3 4 7 1 1 2 7 4 0 0 0 8 3 6 1 14 2 7 52 2 6 2 0 0 0 5 1 0 3 1 7 1 4 5 2 31 4 2 10 4 2 2 0 3 28 4 0 5 10 2 1 8 4 1 0 7 2 4 2 1 0 0 29 1 3]
Generation:  49
Max fitness:  33
[3 3 5 2 2 0 0 3 5 1 10 0 18 1 0 0 1 12 4 0 8 0 5 0 0 3 8 8 2 8 3 2 4 2 3 1 8 14 0 0 1 2 4 5 33 3 2 3 21 9 2 3 2 1 1 27 3 9 0 0 10 3 4 1 4 3 7 0 0 6 33 6 3 1 4 3 8 1 3 6 2 1 1 8 6 0 0 5 1 3 2 0 1 8 2 3 5 4 0 6 0 3 6 3 10 2 3 13 3 0 1 6 4 5 0 0 6 6 8 0 0 9 5 8 0 7 5 2 0 12 9 0 0 10 1 7 15 31 3 1 9 0 7 7 3 0 2 15 1 1 0 0 3 2 8 2 0 2 0 9 4 8 1 21 4 6 5 2 1 0 1 0 9 8 1 0 1 3 3 20 0 8 3 0 3 8 1 3 8 2 5 4 9 8 0 0 3 5 1 5 4 4 17 5 1 4 0 2 4 0 5 20 3 3 1 2 11 5 15 19 2 5 6 6 3 1 0 0 4 14 5 4 13 6 14 9 1 2 1 0 0 2 2 4 0 4 8 0 0 0 0 4 0 11 16 6]
Generation:  50
Max fitness:  43
[2 4 2 0 6 1 0 1 1 14 0 10 6 1 3 20 5 29 19 1 3 8 11 25 0 1 0 6 2 0 2 0 5 0 1 7 5 1 8 3 0 1 2 18 9 0 2 5 1 2 0 4 0 2 3 8 2 0 3 10 43 17 19 2 7 11 26 0 2 8 14 2 4 1 5 9 2 5 4 4 8 7 6 1 4 17 3 7 5 1 6 3 3 2 8 23 2 5 0 2 8 16 18 1 1 2 3 0 1 10 2 4 6 1 1 15 1 5 6 1 3 2 3 7 1 0 12 0 0 0 10 0 10 5 1 6 0 0 3 6 7 9 12 19 5 7 0 4 2 4 1 3 2 5 3 15 2 5 6 6 2 6 19 0 5 0 0 2 3 8 2 17 25 4 12 8 0 1 2 2 7 1 16 4 2 1 6 2 0 25 11 14 2 7 1 4 3 11 3 0 2 1 16 8 2 4 10 18 5 1 1 2 18 0 4 4 10 3 22 0 15 1 15 0 3 0 6 2 1 15 0 16 2 1 22 1 4 1 0 0 14 0 4 1 0 2 0 9 2 2 2 16 8 3 1 2]
Generation:  51
Max fitness:  38
[9 6 3 8 6 2 6 4 4 5 6 5 15 10 13 2 0 0 4 5 7 7 1 0 0 2 4 12 0 23 1 11 1 14 14 15 1 0 0 4 28 1 34 0 3 3 0 6 4 17 3 16 0 2 4 5 6 6 2 1 1 0 9 13 0 7 5 38 0 14 11 13 18 2 13 0 16 7 7 12 2 4 3 0 8 3 16 20 2 9 6 0 10 3 9 9 4 0 3 11 0 13 3 2 5 1 8 6 4 0 22 9 4 0 2 0 9 9 4 3 7 1 13 12 5 9 0 3 0 1 9 5 11 1 2 4 0 2 3 5 0 10 1 1 1 17 1 10 7 17 0 7 6 7 7 17 24 0 5 2 4 0 16 12 1 3 0 25 3 2 0 5 9 15 6 5 7 1 15 10 0 4 0 0 8 0 1 1 4 4 0 9 4 3 3 8 3 0 0 7 3 10 1 3 3 3 0 22 5 3 9 8 5 0 16 7 0 5 5 6 0 1 11 0 4 10 4 4 7 29 0 0 1 0 14 9 2 7 1 10 2 3 0 19 12 6 2 1 0 8 5 4 3 7 3 13]
Generation:  52
Max fitness:  48
[5 3 0 1 17 13 8 0 0 4 10 1 3 12 0 7 1 0 12 2 3 11 2 7 9 1 3 4 0 2 2 1 8 24 4 7 4 1 0 0 0 1 1 0 6 1 5 6 29 18 2 0 5 7 4 17 7 11 0 1 2 2 3 13 4 5 1 0 4 0 11 2 8 18 24 10 2 2 1 1 2 9 1 7 7 2 32 48 11 1 1 4 4 0 2 3 5 11 0 2 2 10 1 0 0 19 2 0 4 2 3 1 14 12 0 4 14 2 11 2 2 5 0 3 2 0 1 4 9 5 9 6 22 1 4 7 3 1 3 8 5 8 14 1 1 3 6 7 0 2 0 6 14 9 26 8 1 7 3 8 4 15 3 9 0 1 0 7 6 2 18 0 5 11 12 0 0 12 12 2 7 1 0 5 13 4 4 0 12 0 0 1 8 16 3 0 7 3 3 13 8 0 10 20 2 0 3 0 4 10 0 3 7 2 2 3 6 0 11 2 7 5 9 8 21 5 14 10 27 2 7 1 1 0 0 0 1 2 8 0 0 4 1 0 17 0 10 0 13 4 44 1 0 1 7 1]
Generation:  53
Max fitness:  44
[11 6 7 3 0 23 0 2 18 2 2 4 6 10 5 15 2 5 1 3 1 12 0 7 0 6 32 2 19 3 4 5 1 13 1 3 1 9 1 0 0 4 1 13 8 1 14 3 6 9 0 11 4 10 4 4 4 3 9 3 1 15 0 3 19 11 11 1 44 0 2 5 0 0 8 0 15 0 7 0 3 0 10 2 8 1 1 19 0 6 1 7 6 4 5 5 0 4 18 4 4 14 1 10 4 22 3 18 9 13 12 13 4 8 6 3 4 1 8 11 5 3 8 1 3 15 23 13 0 2 6 1 5 6 4 5 4 4 0 3 1 4 9 3 10 22 0 0 1 5 10 0 2 2 0 2 1 0 17 33 11 2 27 1 1 0 7 5 5 1 0 7 3 5 5 1 2 1 1 14 1 0 2 5 11 9 40 2 2 11 7 12 1 2 5 0 2 11 5 1 18 1 0 1 12 3 7 18 26 6 13 4 4 1 4 4 18 10 5 4 1 10 1 20 6 11 0 1 1 9 10 3 10 5 1 15 7 2 0 9 11 9 17 1 0 12 2 3 4 5 3 1 5 2 23 4]
Generation:  54
Max fitness:  34
[3 1 3 13 3 13 0 4 10 1 3 5 4 0 2 7 3 9 1 4 0 12 1 20 2 1 1 2 0 1 18 0 7 2 17 10 1 16 6 1 12 3 0 14 2 6 4 1 22 2 0 3 3 1 21 3 12 29 1 8 13 5 1 1 1 1 3 4 8 4 5 4 0 4 7 3 1 0 0 1 2 0 14 6 7 3 11 12 2 6 2 4 0 16 2 0 8 16 6 1 12 1 2 3 10 5 12 6 3 1 14 3 3 3 1 2 5 11 13 8 3 3 4 6 0 10 12 0 2 6 3 2 1 3 3 3 1 9 5 4 8 13 6 9 1 0 0 30 10 5 19 2 1 2 4 5 1 0 1 2 11 2 19 0 3 0 23 2 4 1 1 13 2 9 9 0 22 4 2 6 23 10 4 3 14 5 1 5 7 1 16 34 6 15 0 3 10 3 0 0 9 2 2 6 4 0 12 0 2 4 3 1 3 1 1 26 1 3 3 2 3 1 0 13 2 1 0 3 2 15 0 15 10 7 10 8 4 0 4 5 3 2 2 9 1 3 0 4 10 0 9 4 0 0 12 5]
Generation:  55
Max fitness:  51
[3 5 14 9 1 0 3 0 1 9 6 23 0 13 16 12 3 0 3 6 3 10 13 0 2 26 15 1 12 8 5 20 11 51 2 11 0 4 4 3 3 13 0 0 13 4 6 2 0 5 12 1 3 8 0 1 9 11 0 3 2 1 10 19 0 10 0 10 1 1 3 6 8 7 3 4 0 8 1 3 5 14 3 2 0 1 7 7 1 8 6 12 7 5 18 0 5 2 3 3 6 0 0 4 0 5 1 14 10 8 10 1 1 0 0 10 7 2 5 1 1 16 1 0 16 1 4 15 11 0 14 0 4 0 0 2 0 0 5 9 5 20 18 2 3 1 7 0 0 1 4 4 0 5 6 0 7 8 10 2 2 0 3 5 1 0 1 6 15 6 2 17 3 2 9 13 0 0 8 2 2 4 26 1 5 4 14 0 5 3 8 4 13 7 4 0 0 1 5 25 1 3 10 3 23 0 1 2 2 15 2 6 1 12 8 1 11 4 4 0 4 7 8 0 3 10 3 2 2 3 8 4 1 0 4 42 11 7 14 4 4 2 3 5 2 0 10 10 7 7 0 1 4 2 0 17]
Generation:  56
Max fitness:  58
[0 3 2 1 3 3 5 0 11 13 4 2 2 13 0 3 1 1 15 2 0 10 6 2 5 5 3 3 4 2 7 5 0 47 19 1 24 2 8 11 0 32 0 1 7 1 8 0 0 5 5 10 1 3 8 17 1 1 2 18 3 6 33 1 3 1 3 1 0 8 6 9 13 26 17 5 0 1 3 12 0 3 5 5 0 1 4 3 4 5 2 2 18 2 5 1 5 4 0 0 6 2 10 3 5 11 0 7 12 18 10 18 3 1 5 8 15 2 0 4 2 6 0 1 3 0 1 2 2 1 5 5 4 21 28 9 6 0 9 0 0 1 10 15 0 11 13 7 0 0 13 18 5 4 8 0 0 15 3 6 24 2 4 7 7 2 0 14 1 4 0 23 0 9 2 3 10 3 4 2 28 0 7 1 1 3 6 0 9 1 4 3 5 3 25 7 12 2 16 10 9 9 1 14 8 10 0 3 2 2 7 1 13 0 1 10 3 1 15 0 5 9 6 5 3 1 1 26 5 0 6 9 26 0 0 16 28 7 12 15 12 3 4 3 14 58 0 17 3 4 3 11 2 13 4 6]
Generation:  57
Max fitness:  55
[28 0 7 6 8 10 11 6 18 12 10 9 20 0 26 11 0 3 2 6 26 8 16 13 3 0 17 4 4 0 1 0 0 1 11 2 3 6 0 4 2 0 19 11 9 10 3 6 5 10 1 3 7 5 12 1 20 0 1 3 4 8 0 2 0 1 1 2 9 7 1 0 5 8 3 0 30 10 4 4 11 14 5 18 1 4 7 1 4 1 0 7 1 3 30 9 14 8 0 6 40 13 8 1 3 1 1 16 8 1 4 2 2 0 8 0 2 12 1 3 1 2 13 12 4 1 0 2 23 10 5 8 2 8 7 8 0 6 1 6 0 0 8 4 4 16 4 3 4 8 3 1 0 4 2 4 2 10 8 6 3 15 9 4 3 1 55 11 3 7 8 3 0 11 3 5 48 6 2 12 8 16 6 1 1 4 7 2 4 7 6 0 8 2 7 8 1 27 1 1 1 4 3 2 2 0 1 5 7 3 6 1 10 15 1 29 1 2 2 20 18 6 14 2 13 2 3 3 8 10 3 18 3 4 0 11 1 0 0 5 3 28 0 9 2 8 8 11 7 3 2 8 0 11 28 1]
Generation:  58
Max fitness:  51
[6 5 10 6 10 1 3 44 5 0 21 2 4 3 4 1 25 11 2 20 4 6 6 0 18 3 2 6 0 1 9 38 3 0 6 10 4 20 9 3 3 2 26 11 0 0 3 0 2 3 14 4 18 8 3 2 1 1 1 20 12 4 4 0 6 0 4 20 1 0 5 0 2 0 3 2 8 15 0 3 3 1 1 10 2 1 11 15 0 0 2 1 5 27 2 13 2 2 7 5 9 10 0 8 11 1 4 10 21 1 7 3 3 51 4 22 3 6 1 6 17 0 7 2 6 19 0 0 0 1 7 4 2 4 13 2 4 3 1 0 8 3 12 7 10 2 0 21 2 30 6 20 0 8 4 0 0 1 1 0 9 3 27 4 2 12 11 7 0 5 2 28 23 8 5 0 3 6 4 7 0 10 3 7 4 3 14 0 18 17 4 2 12 4 5 8 4 3 0 2 14 4 2 7 6 10 2 1 0 6 1 24 3 4 18 19 6 7 0 2 13 2 13 3 10 16 13 15 0 1 0 10 0 0 1 12 1 9 2 12 4 2 5 4 3 7 9 3 3 0 36 30 4 2 0 4]
Generation:  59
Max fitness:  37
[2 4 16 22 2 14 4 5 5 10 0 9 3 8 30 2 3 17 7 1 3 8 1 2 0 4 27 0 34 27 4 1 8 5 34 1 0 0 12 1 1 1 19 3 2 6 5 1 1 5 16 11 4 10 1 6 13 3 3 0 16 19 6 2 37 3 5 5 18 2 0 5 6 4 0 6 3 1 7 5 5 3 2 1 6 2 12 8 5 4 2 3 2 3 2 0 7 2 2 7 4 14 5 5 8 2 11 1 14 3 9 1 3 36 8 1 13 2 4 18 0 7 18 6 4 17 27 2 8 4 0 20 6 0 6 14 27 4 10 2 1 5 5 0 0 13 1 10 17 3 3 1 5 0 4 2 1 9 4 8 5 2 0 6 11 8 1 8 13 7 6 5 4 11 21 4 11 7 22 5 0 2 2 33 19 3 16 7 3 8 2 4 6 13 0 11 6 17 6 3 16 1 7 5 1 20 3 5 0 22 13 5 4 1 2 0 6 1 23 1 2 1 1 29 13 3 5 3 13 13 29 29 3 2 17 0 13 1 5 31 6 13 3 7 3 5 10 1 8 7 27 2 5 2 13 1]
Generation:  60
Max fitness:  46
[22 8 1 7 6 8 9 1 0 17 4 5 6 0 2 9 21 2 2 17 9 24 6 15 1 1 13 6 2 2 2 17 23 0 8 2 11 6 9 10 5 0 4 1 2 0 13 4 21 0 4 1 17 17 17 5 4 7 2 5 21 10 3 12 3 9 3 1 10 17 0 1 11 2 2 10 2 17 15 8 2 8 6 2 5 2 6 1 14 10 11 15 6 2 0 10 1 2 4 9 29 7 3 13 0 24 3 9 2 1 2 1 11 15 10 2 15 0 3 14 5 1 10 20 2 0 11 1 6 6 0 4 0 7 46 21 0 11 9 3 6 39 2 9 0 11 4 1 41 15 10 7 5 5 25 30 3 26 1 12 2 6 8 2 0 10 7 16 1 0 7 5 23 22 3 2 19 4 0 6 12 22 12 0 6 3 23 12 4 12 0 12 0 2 15 13 7 8 11 15 11 1 2 11 11 23 9 10 1 3 11 3 5 15 13 3 2 5 19 5 0 23 12 5 0 0 2 12 3 1 2 12 32 13 5 0 3 2 15 0 14 13 28 4 10 15 24 10 2 5 23 17 8 1 0 2]
Generation:  61
Max fitness:  58
[4 1 37 0 8 31 26 9 1 0 3 0 0 6 5 2 0 5 0 5 5 0 7 8 13 4 0 2 7 19 23 38 14 3 9 1 27 22 14 3 0 11 7 5 11 17 29 2 6 1 11 9 1 17 15 18 5 7 3 4 0 5 23 5 18 8 3 4 17 2 8 0 1 5 15 0 1 14 9 0 6 12 25 10 8 2 7 15 6 2 17 12 7 2 0 4 0 4 13 1 0 6 7 1 7 0 38 6 0 3 7 12 23 0 13 0 0 0 5 9 58 7 6 0 8 30 4 0 5 6 6 19 18 26 6 2 7 3 0 9 4 5 0 1 15 10 10 2 1 16 0 6 4 1 4 4 8 17 2 1 29 12 12 7 7 1 11 3 1 1 5 0 0 0 6 3 4 3 13 0 33 12 7 0 16 8 1 4 21 3 5 4 15 18 7 13 25 0 12 17 2 2 0 8 3 15 9 0 48 2 45 1 14 4 0 24 2 9 18 18 23 9 25 6 0 10 6 2 18 25 6 3 4 2 1 4 9 9 14 4 3 0 0 9 3 6 16 13 11 6 3 2 7 2 7 1]
Generation:  62
Max fitness:  59
[13 6 2 13 0 1 4 29 10 7 3 0 10 8 5 2 6 4 3 6 0 8 2 9 11 2 2 18 1 11 10 13 51 4 0 13 2 7 0 0 0 3 3 3 9 12 1 6 35 7 28 10 11 0 0 9 4 10 1 2 5 13 7 27 15 0 3 1 9 18 8 7 8 4 2 1 8 10 9 48 1 3 8 2 4 9 4 59 13 10 2 1 11 1 0 0 9 0 1 2 7 16 4 11 0 0 6 6 2 30 1 14 1 2 27 13 1 33 2 3 7 12 18 10 3 21 18 6 2 2 1 1 5 3 2 2 12 0 17 9 25 1 31 27 1 13 9 0 14 6 1 6 24 1 3 4 13 11 13 6 8 1 1 2 10 11 30 22 16 6 5 3 1 6 1 2 4 2 12 9 3 5 7 6 0 15 11 4 3 0 0 11 13 0 0 9 1 1 3 3 10 13 6 8 9 12 10 1 2 5 3 4 7 8 0 14 1 13 9 15 8 29 20 1 8 25 10 3 0 18 0 0 14 0 15 10 3 0 13 6 11 20 7 27 4 45 17 11 3 8 4 37 19 6 5 5]
Generation:  63
Max fitness:  89
[4 2 1 2 14 2 13 28 7 9 2 44 1 1 9 6 1 3 8 1 3 12 0 12 7 3 13 24 0 29 17 12 35 38 11 2 0 1 4 3 15 49 16 1 0 6 23 3 30 7 2 0 1 7 2 5 29 4 22 25 0 8 6 11 21 16 23 6 0 4 36 0 12 7 0 16 2 6 4 6 6 0 1 5 5 49 23 2 2 0 2 0 1 6 2 20 2 22 6 0 4 29 1 13 0 2 0 0 27 1 15 18 13 13 2 13 20 1 14 0 12 0 10 23 6 3 0 10 5 9 17 1 0 13 5 4 4 5 9 1 8 14 10 12 6 6 1 19 6 4 4 2 2 8 3 3 20 21 1 8 0 0 2 21 5 16 12 6 24 5 13 9 2 3 32 2 6 3 2 8 5 1 0 14 1 13 19 9 0 3 4 7 3 6 1 1 17 22 1 8 2 12 0 16 18 3 6 2 3 11 9 23 9 51 0 17 2 1 26 6 1 3 25 11 18 2 89 8 4 3 26 7 7 5 0 5 3 5 2 0 2 5 0 1 15 2 14 3 7 10 0 14 15 3 43 19]
Generation:  64
Max fitness:  43
[0 6 1 39 1 9 34 4 8 5 1 28 22 3 18 0 42 0 7 1 27 7 1 8 26 0 14 20 5 0 40 9 9 10 1 0 6 2 2 9 0 5 3 4 1 8 1 31 5 3 1 0 13 10 2 2 12 7 12 7 21 28 26 1 10 1 6 8 25 0 1 0 0 1 2 3 10 9 15 10 11 0 3 17 2 1 3 0 1 0 3 1 2 15 22 4 5 3 2 0 2 0 19 31 17 9 14 3 0 17 6 3 17 10 0 4 4 0 15 8 20 25 34 6 20 1 4 1 1 3 5 7 17 1 9 0 13 12 4 13 3 0 1 7 28 11 18 2 7 0 3 0 15 1 11 7 17 3 3 6 8 7 5 2 28 7 8 1 0 6 0 18 1 5 7 2 7 9 4 6 19 0 6 6 9 4 17 13 3 9 2 3 9 4 16 1 1 0 23 8 17 6 0 17 2 31 8 1 11 3 11 0 7 0 7 31 12 11 28 7 5 0 0 8 6 0 24 0 16 1 18 12 0 2 0 12 4 3 9 1 1 12 3 43 33 6 1 35 16 9 0 38 1 0 8 9]
Generation:  65
Max fitness:  85
[2 51 10 16 2 30 10 11 1 28 8 16 13 14 14 18 3 7 4 0 9 3 8 8 11 23 1 25 2 5 4 15 64 10 5 10 1 0 3 17 4 0 8 9 16 17 4 20 5 22 7 1 6 7 3 30 5 0 11 2 0 14 1 6 6 3 1 12 9 29 5 5 13 2 3 4 0 29 5 27 3 8 12 16 1 1 1 8 1 10 0 17 1 3 13 36 17 28 2 5 75 1 85 4 5 8 0 0 10 11 4 3 0 1 4 18 15 13 9 0 0 2 10 14 12 1 1 12 2 12 23 11 1 4 39 7 1 5 2 2 1 43 7 0 3 17 0 4 3 2 9 38 4 18 5 1 5 1 5 7 9 3 16 3 0 11 16 5 34 20 14 1 0 46 2 2 21 15 10 4 1 27 2 29 14 10 9 30 5 8 2 2 9 6 6 7 17 31 0 10 4 23 3 8 25 28 4 0 4 12 5 13 10 12 1 14 16 3 0 21 16 0 8 23 10 3 7 15 2 4 22 3 9 2 4 3 6 8 6 17 7 2 0 3 9 16 14 4 1 24 3 1 4 2 49 35]
Generation:  66
Max fitness:  97
[50 35 14 26 7 1 8 7 10 9 8 18 11 11 6 11 4 7 4 3 19 97 7 5 0 3 13 5 0 44 9 41 37 7 1 7 17 4 1 2 15 1 6 12 13 16 25 8 13 26 0 0 10 9 11 6 6 4 1 21 2 3 28 6 4 49 3 2 0 8 14 10 8 7 10 2 2 54 8 7 4 4 0 15 32 22 3 0 4 6 0 0 11 8 3 5 24 3 24 7 2 26 0 7 6 2 8 4 1 1 32 6 0 7 1 9 24 3 1 5 15 15 1 24 3 2 18 13 26 6 11 16 5 6 61 9 8 16 27 0 1 9 35 35 15 35 0 6 2 14 1 0 3 3 3 11 9 11 29 5 1 35 9 12 6 59 2 1 0 16 3 6 2 17 8 1 25 7 2 2 7 12 0 2 7 3 8 6 23 5 4 4 34 3 5 2 22 1 8 4 2 20 17 20 11 8 1 22 5 8 4 5 11 2 0 2 1 7 20 9 19 8 20 0 13 0 22 19 0 38 5 6 12 5 12 4 14 0 53 11 18 8 5 2 0 21 13 12 0 20 3 5 16 6 0 5]
Generation:  67
Max fitness:  77
[11 74 4 7 1 16 12 5 26 14 12 6 12 25 7 3 2 4 6 1 4 5 9 8 0 30 3 7 1 13 4 10 11 7 1 6 24 8 4 7 48 26 1 21 2 2 12 3 0 0 0 5 0 40 12 10 21 33 11 18 12 4 17 1 10 3 10 15 2 0 2 0 12 8 0 5 8 25 3 13 18 1 0 0 1 22 0 9 46 39 31 7 5 7 1 0 3 47 13 20 6 1 23 0 6 26 1 15 12 14 7 2 2 4 50 3 29 1 77 35 1 14 7 2 7 1 8 2 36 9 3 4 4 2 16 18 0 4 21 9 4 3 8 20 3 11 24 45 0 4 1 11 8 1 3 32 26 8 3 16 8 11 7 42 7 2 9 12 16 3 0 17 16 5 12 30 30 23 9 9 15 10 4 21 10 1 0 1 5 7 2 31 10 9 7 15 3 33 8 11 9 26 4 17 14 51 5 10 10 7 22 0 7 16 8 6 9 4 9 22 13 26 2 0 35 2 8 10 18 0 27 16 8 9 3 0 34 3 21 11 2 21 4 1 13 4 9 2 0 8 11 19 13 11 5 3]
Generation:  68
Max fitness:  65
[7 1 14 4 14 2 2 31 3 2 12 28 11 3 3 2 0 21 0 6 29 37 14 9 25 2 3 4 1 9 0 11 4 30 10 46 7 3 0 7 8 5 8 21 0 4 6 9 17 1 17 0 23 5 7 7 2 7 9 4 1 0 0 27 15 15 23 7 9 7 14 7 16 16 21 19 15 2 21 4 14 6 1 7 0 3 5 3 10 3 8 13 25 8 6 6 1 13 18 12 1 6 25 19 0 13 11 10 0 3 27 8 13 1 16 3 1 10 2 7 5 10 5 2 11 13 22 23 0 1 9 6 11 3 44 8 3 14 11 1 11 15 10 0 2 0 5 6 3 3 0 1 6 2 4 22 5 7 7 22 5 0 3 7 10 7 22 3 0 5 0 13 4 9 13 13 17 0 2 5 14 3 47 10 31 0 7 13 12 9 1 15 8 2 18 2 19 18 4 0 10 3 18 2 2 0 0 9 19 12 0 4 11 0 2 0 65 8 1 11 5 5 4 2 9 2 11 34 6 5 7 17 21 6 7 4 8 2 17 0 20 10 2 13 17 5 16 1 0 1 47 22 6 31 3 20]
Generation:  69
Max fitness:  75
[0 3 5 4 3 10 4 4 5 23 4 4 24 1 6 0 8 24 18 4 16 13 23 49 15 4 0 20 29 20 10 17 0 16 9 7 2 3 1 12 15 46 1 9 8 20 6 20 8 5 11 4 8 18 17 4 3 17 10 10 10 7 20 20 13 7 13 10 17 9 15 8 22 8 4 2 10 49 61 23 2 2 24 3 4 5 9 18 37 23 1 1 8 4 12 8 15 18 8 18 14 9 4 2 27 22 0 27 31 13 3 2 8 32 21 0 42 7 5 14 0 1 10 15 2 0 7 1 1 9 5 6 6 5 18 19 10 1 16 13 0 2 2 6 64 36 20 21 4 30 50 1 9 5 39 27 11 3 0 24 1 0 6 44 14 51 9 1 14 12 9 21 8 1 0 2 5 3 10 29 2 0 38 28 33 14 29 22 3 16 52 75 2 1 19 23 1 6 11 5 25 2 3 14 20 11 7 2 3 13 6 0 47 12 16 5 48 43 11 2 13 10 41 26 16 32 16 10 24 3 1 14 23 36 13 5 2 2 65 9 0 10 12 5 24 17 4 0 0 19 6 11 9 7 31 2]
Generation:  70
Max fitness:  97
[14 27 33 5 3 29 36 1 15 4 15 24 4 16 14 6 3 5 1 32 3 8 2 7 12 39 5 6 9 7 11 8 0 10 11 13 7 0 12 5 31 6 4 20 13 68 17 8 31 26 4 6 9 12 17 22 10 24 20 2 35 4 14 2 1 5 35 6 1 12 17 15 13 7 1 2 8 34 13 10 7 6 34 45 16 26 29 0 7 3 12 10 1 18 43 7 11 21 1 25 0 30 1 27 28 6 20 3 16 15 5 12 8 18 13 29 35 18 11 8 6 17 14 9 22 1 11 3 4 0 17 16 50 1 42 5 19 4 10 9 8 0 4 2 6 14 97 4 74 14 4 8 4 8 0 1 5 0 2 11 3 13 1 4 3 36 3 17 3 7 1 2 4 4 4 2 16 15 1 6 2 2 6 24 27 15 30 6 2 0 16 22 30 9 0 0 3 8 0 29 19 31 0 6 1 20 31 13 20 6 16 13 15 5 11 0 35 22 10 5 1 9 0 22 8 10 5 36 20 7 11 3 2 4 40 22 2 3 7 0 4 56 4 7 17 22 9 1 11 7 21 14 20 9 2 21]
Generation:  71
Max fitness:  116
[9 22 2 2 0 8 10 81 6 23 0 2 10 9 14 43 14 2 11 17 22 3 8 4 4 10 17 2 11 7 2 11 3 1 18 12 14 75 20 17 0 7 2 53 78 6 22 2 0 20 8 16 9 0 12 11 15 16 24 5 8 0 24 52 19 4 6 35 4 22 5 13 19 7 0 2 1 29 12 6 9 61 6 3 35 16 0 33 10 27 16 11 44 0 11 3 0 0 0 25 21 4 3 39 1 0 4 2 1 6 0 36 10 52 16 10 17 116 9 28 0 30 3 12 3 0 3 0 0 2 3 8 10 3 23 20 19 34 0 0 27 24 21 5 2 7 1 1 22 15 2 22 9 9 14 1 23 3 3 6 28 6 15 14 17 5 8 15 5 18 24 0 42 29 11 52 8 8 31 24 24 9 3 8 8 2 19 14 38 28 3 28 39 11 8 5 4 29 6 15 5 9 14 1 0 1 25 4 1 24 27 0 8 39 3 10 10 14 24 25 0 18 25 11 42 17 5 25 6 12 6 19 8 16 22 12 27 9 14 14 25 2 9 24 1 0 8 9 5 25 23 0 17 15 35 8]
Generation:  72
Max fitness:  123
[0 2 3 11 3 6 10 6 2 1 3 3 2 9 26 12 28 10 21 25 7 5 22 3 26 1 4 22 1 72 21 3 17 2 12 7 18 39 0 24 6 13 16 0 6 3 5 7 3 1 7 5 6 12 9 7 3 9 1 8 0 12 15 3 2 23 16 0 26 15 2 12 3 5 11 15 38 9 6 21 9 32 21 18 62 13 0 1 12 6 14 23 8 4 17 57 44 2 4 1 9 16 0 21 15 2 12 12 26 20 28 0 18 10 1 6 43 28 4 8 4 17 6 8 31 2 6 10 4 27 0 22 7 17 62 6 95 2 23 12 3 13 3 1 18 1 77 8 20 9 11 8 8 40 6 26 4 12 21 10 2 64 9 30 1 14 24 19 0 47 15 0 11 23 47 8 11 2 2 123 2 7 0 3 14 3 4 1 5 4 55 6 12 0 12 19 30 3 1 4 31 2 3 7 1 8 23 23 8 3 24 19 5 10 25 10 2 7 0 12 4 33 16 0 3 32 1 20 17 5 54 22 26 8 1 10 19 5 14 5 51 3 20 16 11 15 2 3 6 12 1 9 0 14 1 6]
Generation:  73
Max fitness:  136
[0 2 70 1 20 5 0 2 0 40 1 32 0 9 5 2 4 6 21 32 0 20 37 9 28 2 13 0 49 24 3 14 6 32 5 14 26 38 20 4 23 4 9 61 21 2 3 14 10 30 3 5 46 12 11 3 0 1 7 15 7 6 9 7 8 12 5 5 49 20 14 32 5 18 1 19 17 7 45 34 17 7 30 4 13 25 25 72 5 5 8 14 14 18 24 16 59 6 21 23 29 3 1 1 7 31 37 2 2 7 25 4 19 5 4 46 11 4 5 31 0 21 37 3 59 10 1 0 26 6 20 17 5 0 14 2 9 33 2 13 9 13 6 12 15 2 43 1 1 6 31 2 10 3 3 0 14 4 15 0 21 10 4 12 9 16 135 7 7 10 15 4 28 13 8 9 5 7 42 17 16 17 7 3 24 5 15 5 2 49 7 1 1 1 3 20 41 2 5 6 6 0 1 63 3 43 1 5 19 64 2 12 13 1 3 43 3 1 2 10 6 12 23 14 23 7 6 10 11 3 26 6 136 26 0 2 18 8 9 3 1 11 23 19 42 18 1 18 3 22 14 13 1 5 1 0]
Generation:  74
Max fitness:  72
[4 7 3 6 8 12 7 27 20 10 17 0 39 31 14 31 18 4 1 0 8 30 28 6 12 15 21 17 3 4 1 11 18 5 8 3 29 14 6 0 1 2 9 6 30 16 30 11 38 14 7 1 15 0 50 4 72 0 7 4 43 13 11 17 7 11 13 5 1 22 24 3 7 5 6 2 1 36 10 18 13 27 39 26 16 1 10 2 4 1 20 33 38 42 9 36 7 11 2 30 2 18 8 13 39 45 46 53 5 7 31 64 7 35 71 23 29 19 60 10 38 13 25 20 16 4 12 56 17 4 1 5 18 8 28 15 0 12 34 10 4 6 0 4 0 0 3 0 0 16 20 7 4 22 1 2 6 10 0 16 12 2 4 10 5 61 15 14 6 20 2 24 3 46 1 50 6 20 22 10 8 2 1 0 3 28 10 0 9 3 18 26 0 14 1 38 14 0 2 15 6 18 18 10 4 1 23 10 18 61 1 67 1 3 1 27 10 13 14 5 7 5 8 4 72 21 2 6 5 10 19 1 39 5 0 2 70 11 8 10 2 17 7 42 22 27 23 57 3 0 13 3 9 72 6 38]
Generation:  75
Max fitness:  99
[9 45 66 12 14 6 14 8 17 1 30 7 26 17 3 43 5 8 13 4 38 9 1 28 40 0 4 46 0 33 31 5 0 0 10 37 0 9 6 97 15 3 27 33 20 10 0 27 1 8 8 11 10 21 6 90 7 0 7 0 17 7 7 9 17 0 20 7 3 17 3 69 5 24 9 2 29 20 19 1 15 0 6 0 2 10 9 1 36 12 16 3 5 2 76 3 52 2 36 14 6 4 25 0 16 18 9 19 5 8 27 19 0 1 26 17 20 46 13 20 27 15 5 6 8 2 9 15 33 5 21 14 3 1 10 23 16 21 37 0 10 37 27 16 9 22 4 7 6 1 3 1 2 2 50 12 4 5 22 32 0 7 15 3 15 99 7 11 7 7 23 14 1 7 32 13 10 4 38 3 6 0 0 5 1 34 21 15 2 8 6 30 16 0 5 17 7 5 76 15 19 22 6 28 11 19 13 8 31 25 31 11 1 14 14 7 9 13 17 25 36 7 12 20 0 21 30 7 0 8 2 14 0 45 5 12 19 5 25 15 2 10 57 0 33 11 60 39 15 12 35 2 16 50 9 3]
Generation:  76
Max fitness:  77
[8 7 6 5 16 21 21 27 0 31 71 12 4 10 9 5 17 24 6 19 1 1 15 30 25 4 3 21 30 23 16 29 0 18 4 41 0 4 56 3 33 9 5 15 6 5 5 16 17 30 12 8 17 22 4 6 5 0 1 17 44 13 12 9 0 3 7 33 32 17 39 11 4 2 1 4 3 4 17 4 63 53 31 1 23 49 12 10 43 14 21 58 70 4 26 3 1 15 20 6 24 27 18 16 1 52 14 2 14 19 29 19 0 2 13 27 16 11 3 25 39 14 5 0 5 0 0 0 19 0 5 12 24 17 14 4 2 15 12 18 54 77 31 21 4 2 4 26 2 8 6 6 11 9 13 0 10 16 16 39 0 22 6 44 34 42 12 12 7 8 17 8 3 16 13 3 4 11 6 7 3 1 35 11 1 13 13 2 6 41 6 15 50 42 67 11 21 17 5 10 0 5 65 2 16 0 6 12 9 0 3 13 25 6 2 5 9 8 40 6 5 6 14 42 10 23 2 17 8 15 2 8 7 8 32 12 1 8 60 24 22 9 7 9 13 8 7 0 5 8 42 8 8 12 3 39]
Generation:  77
Max fitness:  185
[12 7 8 11 9 18 29 36 12 32 29 4 28 2 28 2 32 0 39 16 10 41 0 14 5 12 7 5 20 8 28 2 0 21 2 10 11 23 0 6 34 2 10 7 41 21 14 23 2 33 5 0 24 5 17 16 30 52 2 19 40 11 10 6 0 10 0 102 61 16 43 2 7 0 8 5 6 81 1 28 12 2 1 5 15 2 78 35 20 20 43 16 9 39 39 18 5 2 8 83 16 107 6 34 9 13 22 3 20 27 62 7 20 0 40 10 31 5 11 33 23 19 10 10 5 3 12 31 7 9 26 8 8 25 43 13 0 2 7 1 24 3 1 41 3 4 13 82 21 5 10 12 47 8 27 6 18 9 14 23 18 12 1 24 12 12 185 40 28 9 8 78 34 7 16 6 72 44 34 2 23 2 12 1 7 35 5 2 15 24 8 10 12 9 30 7 0 3 53 25 28 10 42 82 41 4 24 9 4 3 67 70 10 44 3 19 2 10 8 70 13 10 46 5 8 7 7 9 32 2 9 4 40 9 9 1 1 26 5 8 2 1 9 1 13 36 8 10 5 5 47 6 5 12 14 28]
Generation:  78
Max fitness:  121
[16 67 48 2 90 14 4 2 0 18 6 121 54 7 17 22 22 28 5 6 4 0 53 0 5 5 0 30 6 3 13 1 100 3 4 15 28 0 11 12 10 4 10 5 26 108 22 0 10 43 14 7 48 7 2 38 19 18 1 30 8 5 0 6 8 3 0 24 43 4 9 15 19 1 0 15 19 13 3 10 23 3 26 5 18 29 4 78 27 4 8 55 57 4 39 19 5 38 18 6 40 37 0 4 3 42 12 22 15 17 16 3 33 1 84 13 7 4 3 5 21 19 14 32 1 72 35 29 18 16 11 16 72 23 10 4 17 19 47 10 7 26 38 0 30 6 34 10 6 1 12 10 3 13 70 1 19 7 6 3 14 13 21 22 12 4 22 14 12 0 8 7 61 17 66 51 18 19 91 73 1 37 0 1 5 0 17 5 4 23 9 1 22 4 1 25 7 31 14 24 5 23 49 12 5 6 14 2 26 7 10 17 8 19 47 13 8 19 5 18 8 1 7 0 5 28 53 37 1 9 4 33 0 7 12 18 6 4 25 13 4 6 6 7 7 24 0 15 1 0 32 110 72 99 10 21]
Generation:  79
Max fitness:  117
[18 1 2 7 20 14 0 14 4 34 3 17 4 26 19 11 52 12 0 1 5 6 9 4 21 16 9 25 0 38 28 117 32 11 39 19 4 1 36 2 3 30 11 23 1 28 13 6 38 19 1 25 14 35 27 43 18 30 25 7 74 108 6 11 3 5 18 2 18 39 0 13 69 25 39 29 3 2 2 43 11 0 5 47 6 90 5 4 19 4 17 7 40 1 31 13 21 28 0 6 31 9 0 7 8 8 1 11 38 26 68 9 46 3 3 25 5 6 21 33 4 71 11 29 23 13 38 22 8 38 1 8 4 31 100 57 28 1 18 19 31 12 113 2 37 7 3 46 5 17 11 9 26 11 16 13 13 3 25 44 40 14 31 23 38 27 5 86 11 14 86 23 10 69 13 9 0 1 10 15 5 0 8 24 35 38 20 15 1 0 31 13 4 7 9 1 11 11 58 24 29 28 32 3 2 27 1 34 24 11 37 8 6 11 57 3 100 9 4 20 6 21 20 12 46 50 14 43 43 18 0 6 2 6 54 45 47 49 17 26 2 18 14 34 17 9 21 2 14 19 50 6 5 29 3 49]
Generation:  80
Max fitness:  128
[34 11 12 6 10 1 11 31 36 7 17 71 16 54 56 11 13 22 12 7 13 39 46 4 8 58 21 14 24 57 6 47 21 6 3 1 54 3 15 0 8 79 5 7 0 16 8 47 11 52 28 45 0 20 30 10 14 15 27 10 5 8 24 24 3 0 21 8 36 68 12 5 3 4 16 32 0 5 28 40 9 2 7 32 7 8 4 25 16 11 13 27 61 19 49 2 49 13 2 7 10 1 41 13 64 37 32 15 2 53 26 15 13 3 55 2 62 17 1 2 11 48 3 3 12 41 28 2 14 27 21 55 2 115 6 8 19 49 29 26 45 61 23 5 8 8 8 8 27 5 4 10 10 42 38 6 80 40 4 32 9 128 53 24 9 68 0 18 39 62 38 44 1 5 43 21 9 2 20 70 1 14 12 22 32 29 5 49 20 22 16 16 6 7 41 12 43 1 36 33 24 43 7 13 0 24 78 15 71 62 31 21 95 61 52 16 6 16 32 25 1 17 0 21 16 7 1 43 2 10 7 4 20 0 4 12 5 10 16 7 9 39 5 3 30 49 72 5 85 2 45 102 26 41 0 19]
Generation:  81
Max fitness:  115
[7 58 11 13 3 1 14 17 15 8 5 11 7 58 21 40 0 11 8 0 9 6 7 11 5 27 5 46 14 38 4 30 7 1 1 104 1 31 16 11 4 26 7 42 3 12 5 20 4 8 10 30 5 16 49 55 19 14 37 18 18 26 10 6 72 56 16 8 1 23 8 9 6 46 1 35 21 8 3 14 8 2 29 12 27 6 6 16 10 84 10 3 14 9 27 2 27 9 11 15 29 32 2 16 12 4 90 68 2 87 4 7 50 3 20 2 11 1 2 31 19 68 2 1 64 11 3 19 7 4 10 6 70 6 21 4 4 1 61 9 33 6 28 5 22 28 59 39 6 6 12 5 97 11 115 66 21 5 6 4 16 31 3 8 7 11 0 3 5 13 48 14 47 35 16 18 7 82 5 12 13 0 22 10 10 2 27 42 9 28 24 45 0 4 22 49 11 9 4 1 0 38 6 16 11 4 10 5 4 10 15 10 16 5 29 22 16 1 31 3 22 8 4 3 5 19 18 14 61 41 16 69 19 2 3 0 29 8 0 36 4 4 1 26 25 2 22 6 8 31 7 12 3 38 5 2]
Generation:  82
Max fitness:  235
[6 13 5 11 26 7 20 33 16 15 59 31 24 4 13 1 14 47 14 82 12 15 3 29 4 4 29 14 18 20 6 9 26 9 2 40 12 2 3 29 9 3 5 14 50 20 0 10 46 19 3 45 39 2 62 3 43 27 37 16 2 2 3 38 29 235 15 2 5 6 10 30 79 10 8 15 7 31 5 59 5 19 53 4 16 39 12 19 10 8 1 9 11 1 0 68 28 3 6 36 12 19 9 6 3 59 12 3 17 6 42 25 0 3 42 7 4 22 52 19 6 15 47 25 76 13 16 4 8 10 11 6 2 14 111 36 13 83 31 9 23 21 1 9 19 22 35 33 17 6 18 12 8 7 11 5 1 130 5 18 0 7 16 1 29 37 12 3 2 7 12 26 5 13 12 6 33 12 14 13 63 18 6 34 0 10 7 43 7 6 14 6 107 11 45 112 20 19 9 111 11 12 3 18 11 22 10 7 9 26 26 2 47 13 4 2 2 142 10 7 0 64 1 10 57 3 0 35 3 20 1 33 11 7 21 6 13 24 3 2 3 0 6 7 29 3 0 13 7 35 23 43 39 9 17 103]
Generation:  83
Max fitness:  134
[134 33 10 44 51 17 31 10 18 26 30 6 3 21 15 0 69 1 27 27 49 20 7 9 1 26 5 1 17 66 19 9 0 15 52 22 32 19 44 5 1 110 6 4 2 0 78 87 7 23 2 12 13 23 8 6 0 1 33 13 12 22 9 19 4 19 14 11 8 16 11 24 30 9 60 2 65 0 6 3 42 9 3 7 35 18 29 64 12 12 2 16 31 14 30 39 39 23 16 15 15 5 9 24 14 25 22 71 1 12 9 2 18 22 13 24 67 75 13 7 38 24 13 5 7 11 15 10 3 25 15 13 21 15 56 11 2 24 16 4 8 11 21 3 7 15 17 5 6 28 38 90 17 15 14 13 6 60 13 33 18 25 5 2 30 2 12 11 21 7 10 31 16 5 28 19 0 10 8 36 1 1 12 35 2 2 2 1 14 5 4 8 0 1 9 28 6 31 18 7 43 77 9 16 25 63 1 18 41 24 60 19 93 22 3 21 117 18 30 1 1 67 121 76 22 7 80 18 2 40 71 17 4 18 5 14 15 34 11 0 27 19 3 46 1 17 18 3 21 12 31 38 39 0 35 82]
Generation:  84
Max fitness:  120
[23 2 0 19 3 0 35 1 22 20 12 3 61 26 6 3 40 21 38 46 25 19 30 94 36 27 0 38 29 48 37 63 11 4 44 5 6 1 36 45 24 33 46 19 35 4 30 3 14 14 0 30 11 5 45 6 65 30 14 0 25 12 53 10 3 80 40 39 11 12 0 1 14 3 29 1 17 65 24 28 6 83 58 5 0 0 25 85 15 4 6 3 3 24 13 12 1 2 19 3 10 29 21 10 4 9 3 20 0 43 17 0 1 55 20 54 111 62 22 19 14 40 52 33 46 1 33 7 6 20 1 3 4 14 2 7 15 3 40 13 13 5 17 0 27 29 1 23 5 1 26 85 27 1 6 2 85 3 52 52 5 33 13 46 14 10 18 0 14 3 33 15 0 46 24 29 6 120 33 29 12 15 11 45 12 20 12 3 21 13 0 0 8 0 33 57 18 5 33 2 23 24 47 19 16 15 0 4 3 1 23 12 19 86 27 15 1 37 64 18 4 15 21 28 51 13 44 17 0 12 34 0 3 0 8 23 6 5 15 1 26 13 21 4 2 9 3 37 22 46 9 19 26 11 12 64]
Generation:  85
Max fitness:  100
[21 18 15 15 16 14 31 2 22 28 10 17 29 10 9 90 36 23 12 83 14 14 0 51 12 62 26 25 16 15 56 86 29 39 4 21 47 31 46 7 12 6 63 10 46 3 1 47 12 7 17 12 1 20 35 5 17 42 36 0 37 59 57 51 1 82 29 22 6 31 0 18 18 20 14 0 14 10 37 50 7 21 3 4 10 10 51 27 4 46 21 67 45 44 23 32 31 11 5 8 1 12 32 1 12 2 4 24 5 31 3 55 25 34 43 10 3 27 50 72 0 6 16 99 86 6 10 22 38 0 40 9 29 5 2 5 22 2 5 2 1 58 59 25 7 27 5 9 15 27 21 6 21 1 33 11 21 35 52 100 16 21 1 17 62 13 0 15 55 3 33 38 2 75 15 30 6 5 38 21 13 3 0 23 43 20 30 15 42 35 1 27 33 42 1 40 28 26 16 14 54 14 4 7 20 18 37 1 27 4 35 35 22 14 19 41 0 26 17 93 23 15 17 6 22 11 2 17 39 10 3 29 0 43 32 22 4 32 52 5 30 5 42 31 49 1 48 19 2 33 15 56 17 36 25 14]
Generation:  86
Max fitness:  99
[6 19 2 30 1 1 56 21 22 7 0 6 40 2 8 12 10 62 11 2 15 2 6 0 2 56 45 14 3 3 0 11 4 21 4 5 34 68 4 11 12 27 5 5 37 85 18 38 17 6 4 15 8 9 16 52 2 52 9 7 36 44 6 29 3 39 29 23 20 33 93 9 5 22 0 2 6 0 25 51 50 49 19 49 45 14 10 69 26 1 12 14 58 2 18 0 87 4 16 16 10 0 47 9 13 12 81 5 1 14 43 15 4 18 13 57 99 3 68 6 19 37 28 1 18 0 68 18 47 55 18 50 22 25 25 72 10 2 57 15 22 11 23 6 9 28 0 1 10 2 86 1 5 53 24 30 0 56 19 3 34 3 1 13 6 1 1 41 5 34 66 23 4 7 12 33 4 54 64 26 17 1 50 0 0 7 6 57 8 34 73 16 95 17 19 52 54 9 3 20 4 9 26 28 20 16 26 24 29 22 77 2 8 9 0 25 4 37 11 22 2 9 37 28 8 10 53 40 23 2 24 7 23 4 10 31 18 16 22 38 3 22 13 10 14 6 2 9 26 11 45 26 37 42 25 56]
Generation:  87
Max fitness:  238
[38 16 26 48 60 113 24 18 21 16 6 10 8 0 10 1 28 5 17 15 13 62 13 3 15 25 5 10 28 3 31 0 7 57 3 2 65 40 14 16 3 5 9 3 17 30 23 26 32 26 28 0 0 5 31 0 58 5 16 3 9 15 18 14 52 5 35 11 2 5 24 10 64 8 4 11 26 10 43 37 45 176 13 1 26 17 1 5 34 1 1 1 33 4 7 0 6 4 8 11 3 36 38 4 3 22 28 19 28 2 0 21 11 44 8 17 2 23 11 8 99 0 17 41 17 22 38 28 1 21 25 47 50 64 1 12 51 5 4 31 2 6 3 1 6 4 10 5 0 14 0 7 8 15 71 21 40 32 38 43 28 0 17 2 10 4 7 9 7 71 37 7 89 25 8 12 5 39 3 0 7 22 43 2 15 9 17 7 5 1 32 31 6 154 4 67 25 9 7 238 27 6 1 24 3 3 55 19 79 4 75 21 34 47 12 20 7 8 36 20 2 19 2 27 17 4 1 15 40 47 1 7 18 8 0 4 21 0 5 43 15 30 13 18 34 7 6 10 15 37 6 23 8 65 0 58]
Generation:  88
Max fitness:  159
[10 38 71 10 1 6 5 6 17 10 51 1 98 24 53 13 1 5 28 5 2 10 37 30 44 18 23 113 15 18 3 26 9 37 7 99 13 60 26 30 47 6 57 4 5 20 96 4 26 9 1 27 1 2 2 6 6 102 12 146 8 58 86 46 20 3 93 0 14 4 13 13 30 57 6 14 24 8 5 19 8 2 1 18 9 17 80 28 15 47 79 31 9 12 59 5 1 13 9 29 49 96 0 20 48 92 6 27 31 4 61 61 14 4 2 13 159 6 17 1 14 0 23 44 26 39 8 37 1 14 70 2 9 0 10 17 44 8 69 49 8 1 3 56 38 0 19 13 19 21 6 2 13 1 20 17 36 20 2 9 80 2 9 3 37 21 34 52 33 22 9 5 1 13 17 12 29 10 16 4 6 10 1 26 6 26 21 18 3 5 3 68 84 5 12 0 14 21 23 2 14 25 25 4 4 78 7 8 1 2 12 13 68 33 18 24 9 17 0 13 22 31 6 87 64 88 21 12 7 8 69 34 38 1 31 56 10 3 44 48 9 122 59 0 25 21 25 77 2 27 2 9 3 42 0 51]
Generation:  89
Max fitness:  199
[3 35 17 43 33 3 3 15 74 54 4 34 49 3 10 47 9 5 25 22 2 124 41 5 46 39 71 5 31 7 9 4 2 24 48 3 37 14 17 34 6 43 1 17 8 27 9 77 16 35 37 21 2 10 0 6 0 6 1 47 0 43 31 1 16 97 0 8 2 21 25 35 15 14 21 76 4 7 10 1 3 0 1 12 24 1 10 3 39 13 13 4 62 0 3 48 17 47 1 77 4 8 6 1 41 33 43 10 7 14 0 3 26 4 17 8 25 24 20 30 59 7 11 0 7 8 7 8 6 1 29 12 14 82 40 16 18 35 25 12 49 39 38 9 56 27 6 34 131 17 34 14 10 8 11 3 3 22 32 7 19 26 37 6 31 12 5 8 4 10 7 22 4 17 2 7 125 9 60 19 40 15 4 19 12 79 90 32 3 17 9 58 28 3 30 21 121 0 26 9 25 74 7 36 0 43 2 3 13 1 17 2 0 17 0 53 65 23 7 11 12 15 9 6 28 89 58 14 2 7 115 22 86 3 13 18 7 3 1 17 44 13 71 199 1 30 45 3 30 16 1 41 42 2 3 19]
Generation:  90
Max fitness:  214
[13 36 35 18 21 44 10 50 45 45 11 12 1 19 20 19 7 15 0 45 8 96 5 18 6 4 38 17 9 9 64 18 9 36 4 55 50 23 10 6 12 33 0 7 10 6 31 16 8 7 126 92 47 35 0 0 27 11 45 61 9 22 27 21 1 10 13 44 11 0 71 3 37 69 5 14 19 95 20 25 49 19 10 40 83 1 76 14 15 20 4 14 34 42 17 1 2 0 48 4 67 4 8 14 33 19 25 43 67 2 31 0 41 13 4 2 104 12 12 0 17 35 6 4 14 0 2 35 18 1 214 9 0 1 0 1 8 34 28 37 2 6 38 13 23 5 19 27 16 15 33 7 3 12 21 46 52 39 9 4 28 0 6 13 14 15 20 12 86 1 52 25 30 13 47 61 6 18 13 6 10 3 14 2 26 20 17 0 70 21 20 2 2 38 19 10 5 13 82 22 6 47 3 6 24 25 4 11 10 10 2 59 7 4 2 9 137 30 26 22 23 0 55 18 9 8 3 2 17 19 46 14 42 24 16 54 1 2 45 56 1 18 0 1 1 6 11 49 16 13 19 41 10 2 4 7]
Generation:  91
Max fitness:  155
[26 8 23 67 1 22 6 36 0 46 28 7 5 13 2 32 56 59 20 67 21 17 23 6 9 63 57 32 0 9 30 46 13 10 16 48 23 58 23 17 7 7 44 85 2 34 10 10 22 16 37 4 8 9 0 0 6 1 37 5 1 72 37 2 20 0 3 21 34 14 20 13 13 27 13 12 40 19 21 59 48 47 2 37 42 52 15 19 17 30 46 28 16 31 52 31 27 48 16 4 0 21 155 103 1 3 102 63 0 4 61 3 18 1 42 5 3 22 54 80 65 16 18 8 11 0 18 4 18 37 14 8 17 13 29 116 10 48 31 9 13 6 77 5 1 24 0 0 49 14 8 10 13 14 13 6 8 46 3 2 7 14 40 2 57 5 16 23 26 4 2 32 16 3 31 25 23 0 121 41 27 45 55 37 37 70 136 1 57 17 7 3 79 23 2 26 0 1 22 15 10 0 61 47 76 18 11 26 58 2 8 12 20 0 11 25 33 4 9 30 2 108 63 1 23 4 0 45 69 14 22 79 19 9 23 14 31 3 80 23 44 1 1 57 32 39 25 61 148 23 17 22 69 65 6 29]
Generation:  92
Max fitness:  234
[36 61 4 154 12 6 34 81 1 4 20 9 6 1 1 34 24 19 41 47 3 45 55 90 20 86 56 4 18 30 11 9 15 9 13 103 3 1 18 56 19 7 29 23 3 50 37 18 14 5 26 0 7 51 91 53 8 4 11 76 23 43 19 16 27 19 22 1 1 9 68 1 48 4 8 61 8 6 37 18 12 1 4 3 2 2 15 19 46 15 21 57 15 15 1 9 9 8 43 60 24 8 19 12 67 46 163 79 49 128 107 16 37 20 14 50 0 10 71 48 4 4 7 54 1 32 36 0 9 9 5 32 25 2 23 11 28 64 79 9 0 42 23 73 4 8 8 11 51 28 51 138 6 63 18 94 8 1 49 14 15 8 34 197 98 3 7 4 93 7 5 14 42 11 5 13 11 1 15 30 0 75 4 4 4 46 11 73 24 26 7 234 13 3 12 124 3 9 57 48 35 6 75 1 8 67 10 12 63 22 17 74 21 52 21 17 71 13 0 0 55 39 99 1 20 41 35 9 0 47 38 12 6 4 68 11 10 14 60 31 14 9 22 38 10 20 46 16 52 1 12 1 3 18 1 18]
Generation:  93
Max fitness:  148
[61 78 13 24 0 9 20 13 0 13 14 46 5 16 89 62 148 35 32 8 3 54 1 5 39 4 17 16 8 22 11 24 53 28 16 7 21 16 4 34 49 33 47 11 32 34 0 3 26 37 17 35 4 17 3 23 6 4 26 10 61 95 2 52 46 7 2 35 13 73 79 6 6 55 11 37 13 17 38 47 56 16 16 5 49 49 112 38 38 44 23 10 15 1 36 3 60 23 29 4 1 18 4 85 0 23 7 79 26 121 29 16 14 34 21 0 31 48 19 52 35 1 42 3 20 14 9 40 99 10 0 23 9 0 14 78 28 0 7 17 10 3 14 0 23 15 53 27 4 44 7 35 33 12 39 61 22 81 18 86 87 37 23 96 8 10 7 22 0 13 24 0 26 6 15 3 48 30 2 8 2 45 118 0 6 16 17 17 2 37 61 20 72 1 26 86 2 1 68 22 17 56 75 1 22 15 13 6 54 19 26 32 0 10 23 4 50 34 8 51 8 12 111 56 55 3 51 76 32 48 10 37 62 17 1 52 68 11 36 19 75 7 13 8 3 8 18 8 18 25 0 133 0 10 7 98]
Generation:  94
Max fitness:  170
[7 66 20 0 55 21 8 8 33 66 20 28 19 12 10 7 9 1 13 14 5 5 64 41 69 59 1 7 23 23 19 42 13 14 3 33 1 47 73 130 38 3 10 39 44 3 108 9 20 17 55 31 8 18 15 12 0 5 18 24 22 19 28 26 21 7 2 29 51 66 11 7 4 20 99 8 4 6 24 16 76 0 40 10 25 70 36 2 37 17 61 9 1 2 84 85 45 1 28 49 4 10 22 14 6 25 49 50 22 57 12 1 9 18 7 0 33 72 7 116 29 10 25 26 1 14 8 26 29 2 5 5 28 82 6 9 16 7 18 11 4 27 15 0 2 66 79 13 5 7 8 88 5 53 2 32 4 81 19 82 14 1 9 21 2 50 38 82 56 23 54 71 55 2 16 58 18 8 43 31 2 2 58 17 156 17 11 170 19 5 46 22 34 12 67 25 28 5 26 3 6 11 72 6 2 16 19 9 9 17 21 45 32 48 7 39 4 53 136 9 48 22 18 36 45 9 69 0 5 16 24 20 2 52 22 6 106 7 12 3 0 23 3 10 44 8 4 37 91 76 29 4 57 18 3 22]
Generation:  95
Max fitness:  209
[59 44 8 9 40 32 34 62 17 50 111 40 23 35 1 2 23 3 90 11 15 10 70 12 10 7 11 8 28 57 0 24 50 26 16 38 4 112 15 34 19 8 65 8 8 2 3 13 209 22 18 25 7 139 40 40 1 54 12 17 4 2 17 28 2 5 31 17 10 13 67 7 20 2 17 5 7 21 71 44 32 45 26 0 36 71 42 20 2 15 2 42 0 13 41 3 14 45 30 9 13 12 15 38 5 40 71 42 29 34 45 31 7 16 21 14 83 6 13 4 15 15 6 3 55 17 78 73 14 93 5 90 28 14 36 27 15 25 23 55 18 12 12 11 22 14 26 9 2 1 1 46 15 1 31 1 55 1 42 1 149 10 12 6 136 2 76 4 1 26 5 40 46 3 3 6 14 53 4 1 32 17 44 37 2 29 4 0 17 43 69 1 119 51 38 39 45 35 9 1 24 27 70 67 20 27 111 14 94 44 18 10 0 2 15 11 0 9 6 67 20 75 45 9 56 1 36 41 109 69 7 12 80 37 26 42 19 81 26 12 15 127 2 11 17 19 26 36 30 28 35 195 40 20 31 7]
Generation:  96
Max fitness:  198
[20 8 20 16 34 12 6 5 9 62 7 26 61 76 31 16 63 19 4 8 3 3 23 41 12 11 43 16 15 6 38 48 15 11 29 19 2 77 14 3 1 3 66 45 47 36 9 29 6 10 15 3 4 35 40 63 63 4 51 3 13 3 32 13 47 1 25 7 14 1 3 23 23 34 51 4 8 0 1 1 35 26 38 30 14 31 81 53 6 5 6 27 1 0 27 14 10 24 30 1 25 19 37 45 27 3 40 12 20 6 24 82 16 23 26 0 7 26 34 0 26 31 28 45 3 113 2 9 55 25 38 118 9 1 6 1 42 41 0 2 127 14 14 39 78 9 21 2 9 19 82 58 42 38 2 3 16 24 19 13 55 2 15 37 52 59 8 41 38 2 28 22 13 2 39 30 38 40 14 1 21 13 8 99 11 6 37 53 41 7 9 45 34 65 13 12 53 0 34 49 58 7 2 9 76 1 136 8 1 33 1 7 95 10 14 11 6 15 17 7 23 0 72 6 9 50 21 198 15 4 34 11 42 15 33 4 65 4 28 105 2 15 13 18 20 12 27 2 34 2 6 29 8 52 27 15]
Generation:  97
Max fitness:  163
[5 45 9 33 41 1 14 6 28 23 19 19 9 84 116 21 35 23 20 17 82 22 5 31 15 1 38 42 24 10 7 0 119 40 15 50 35 23 22 6 4 21 15 37 12 2 13 12 105 50 109 4 1 14 27 19 13 51 29 6 49 68 33 14 0 20 52 37 27 46 12 93 57 0 15 6 75 11 1 35 53 56 11 44 7 1 12 4 14 6 28 23 2 62 2 14 14 12 28 10 10 9 35 16 4 71 80 79 50 7 19 22 61 15 23 126 48 2 17 13 5 12 4 41 19 14 24 67 26 23 67 1 0 2 1 45 48 11 9 37 4 57 1 20 25 2 38 33 81 4 16 18 37 12 39 18 3 35 5 2 7 21 7 13 15 15 95 4 23 36 74 20 30 0 27 105 1 1 1 26 8 55 19 25 51 31 10 17 93 27 20 25 1 5 19 21 31 44 63 14 9 41 100 3 5 13 6 57 55 1 141 27 64 69 0 94 38 20 17 30 20 70 21 49 5 15 10 66 1 163 12 0 16 66 48 30 32 26 33 0 33 22 23 61 4 6 55 61 8 37 18 37 20 17 51 11]
Generation:  98
Max fitness:  198
[73 13 37 6 2 67 83 7 8 57 3 7 35 11 9 6 27 9 43 1 23 12 36 48 6 15 0 108 55 8 69 13 110 59 15 12 10 102 22 22 17 5 113 15 17 77 34 10 28 21 22 13 41 42 9 4 51 37 5 22 29 61 3 47 31 10 18 36 16 57 2 75 8 41 7 44 27 32 35 11 3 0 65 108 24 12 21 24 0 5 73 6 45 44 31 26 61 47 21 88 28 14 56 8 0 22 9 26 3 0 3 7 85 16 13 10 61 25 18 18 44 18 14 4 7 36 55 86 2 5 9 53 33 5 61 37 21 48 1 1 22 26 31 67 33 6 15 1 1 51 25 82 2 83 46 102 86 35 25 43 43 42 39 33 10 64 3 46 63 0 46 62 73 48 35 87 2 14 27 119 0 1 43 49 15 50 13 43 198 42 41 12 3 14 19 0 5 1 5 1 32 32 13 28 3 7 6 15 34 45 34 39 26 51 11 37 2 52 34 33 4 17 25 4 2 7 7 23 52 14 12 139 68 24 21 20 15 128 14 1 2 102 111 8 19 89 57 29 2 21 31 56 71 36 15 73]
Generation:  99
Max fitness:  209
[86 14 8 22 2 71 30 30 14 29 28 22 55 29 9 10 133 9 3 27 15 135 18 53 3 3 14 11 5 8 22 1 25 116 7 72 20 3 34 13 43 9 2 64 47 14 9 27 69 35 19 65 41 13 6 89 56 17 14 56 67 29 115 34 14 2 26 19 21 22 2 18 9 2 35 2 17 9 28 20 0 14 12 17 20 32 19 5 5 22 32 112 14 18 161 19 52 2 43 28 5 24 5 66 10 22 14 35 3 14 34 6 8 39 0 7 90 18 6 58 87 35 48 19 17 1 21 76 26 72 63 13 0 14 28 0 1 28 18 6 56 48 9 8 6 33 39 41 7 60 8 65 1 20 28 26 1 90 2 34 4 26 12 28 28 0 8 49 4 14 8 9 32 7 21 45 101 34 29 1 15 1 135 49 9 4 77 30 21 20 10 24 36 52 6 90 32 24 50 106 23 37 24 3 37 4 44 25 17 25 45 21 8 34 26 3 0 25 8 11 27 9 6 68 43 45 11 24 37 7 49 209 2 55 11 2 14 18 3 2 14 103 77 4 8 55 0 10 5 4 3 7 2 2 48 8]
Generation:  100
Max fitness:  177
[7 19 5 5 47 28 75 74 63 19 25 17 54 23 16 20 6 75 10 5 8 20 6 26 11 23 0 24 43 2 16 4 15 2 23 7 49 32 55 55 17 36 69 19 8 105 51 24 177 98 15 19 18 25 8 2 14 29 9 3 16 5 146 51 15 21 25 65 69 2 27 43 15 18 27 2 21 29 1 47 38 57 45 11 34 103 19 5 73 3 150 46 15 36 101 18 6 65 14 71 18 42 13 67 4 64 66 13 1 29 1 38 13 69 9 60 80 13 12 2 8 23 36 9 2 13 45 15 73 5 44 3 99 18 18 11 17 15 13 1 16 9 45 12 1 64 16 33 1 62 6 83 98 37 37 18 34 1 0 25 35 94 16 12 39 30 16 17 15 13 6 2 59 22 18 146 1 14 2 12 8 111 32 93 9 0 77 20 32 6 1 17 36 72 102 39 27 26 27 81 72 5 6 0 17 12 15 31 69 6 34 70 7 0 11 38 75 33 57 10 15 30 6 52 3 33 44 1 11 11 16 27 22 59 17 55 99 67 25 5 16 4 20 4 22 15 9 5 20 6 0 91 16 0 47 10]
Error: process crashed or was terminated while running.
